111;x;y;z;time
0;-0.094110586;0.037359238;0.037359238;1418122811916
1;-0.14264391;-0.054159164;-0.054159164;1418122811936
2;-0.22869761;-0.06510258;-0.06510258;1418122811975
3;0.16320856;-0.0845871;-0.0845871;1418122811976
4;0.1300925;-0.09354305;-0.09354305;1418122812038
5;0.04669182;0.07834053;0.07834053;1418122812038
6;0.15975884;0.181777;0.181777;1418122812038
7;-0.32784382;-0.030212402;-0.030212402;1418122812095
8;-0.14942673;-0.13906479;-0.13906479;1418122812095
9;-0.11656157;-0.1794653;-0.1794653;1418122812095
10;-0.2796284;-0.12981892;-0.12981892;1418122812155
11;-0.38438603;-0.16405773;-0.16405773;1418122812156
12;-0.19332205;-0.13778782;-0.13778782;1418122812156
13;-0.14911968;-0.055675507;-0.055675507;1418122812191
14;-0.35515708;-0.024569511;-0.024569511;1418122812239
15;-0.3323848;-0.111177444;-0.111177444;1418122812240
16;-0.2977689;-0.018405914;-0.018405914;1418122812240
17;-0.56403756;-0.08741665;-0.08741665;1418122812274
18;-0.18420482;0.010985374;0.010985374;1418122812274
19;-0.03204766;-0.06638241;-0.06638241;1418122812306
20;0.031099036;-0.060521126;-0.060521126;1418122812342
21;0.40408775;-0.13289547;-0.13289547;1418122812342
22;0.361749;-0.044034958;-0.044034958;1418122812351
23;0.06717377;-0.12608147;-0.12608147;1418122812377
24;-0.1515616;-0.17317009;-0.17317009;1418122812391
25;-0.15519337;-0.037073135;-0.037073135;1418122812410
26;-0.095015936;0.09870434;0.09870434;1418122812456
27;0.36790314;0.12355232;0.12355232;1418122812456
28;1.2675864;0.26155853;0.26155853;1418122812489
29;1.4757519;0.23328018;0.23328018;1418122812490
30;0.3629243;0.4928217;0.4928217;1418122812523
31;-0.16309157;0.46488;0.46488;1418122812556
32;0.56465;0.5066166;0.5066166;1418122812556
33;1.2090641;0.13097382;0.13097382;1418122812590
34;1.8919688;0.34223557;0.34223557;1418122812590
35;0.13007829;0.020323753;0.020323753;1418122812636
36;-0.48947656;-0.14208221;-0.14208221;1418122812636
37;1.121294;-0.35483074;-0.35483074;1418122812682
38;0.8203569;-1.0672035;-1.0672035;1418122812682
39;-0.77250445;-1.7603226;-1.7603226;1418122812687
40;-1.1394973;-2.1339178;-2.1339178;1418122812713
41;-1.0552738;-2.7911968;-2.7911968;1418122812727
42;-0.3468052;-2.9618635;-2.9618635;1418122812746
43;0.3767547;-3.5076408;-3.5076408;1418122812777
44;0.041268475;-4.358852;-4.358852;1418122812786
45;-0.87696064;-5.265316;-5.265316;1418122812809
46;-0.23743871;-6.2303805;-6.2303805;1418122812848
47;0.907725;-6.540191;-6.540191;1418122812848
48;1.2744145;-6.627917;-6.627917;1418122812888
49;-0.53308034;-6.820988;-6.820988;1418122812889
50;-2.4989004;-7.1060762;-7.1060762;1418122812920
51;-2.4856534;-7.4073505;-7.4073505;1418122812924
52;-1.8037285;-8.351672;-8.351672;1418122812952
53;-3.2387092;-7.8661804;-7.8661804;1418122812984
54;-3.5287952;-7.686285;-7.686285;1418122812984
55;-2.6548343;-7.3861313;-7.3861313;1418122813016
56;-0.7112218;-6.883964;-6.883964;1418122813023
57;-0.07353151;-6.709399;-6.709399;1418122813055
58;1.0155462;-6.184042;-6.184042;1418122813095
59;2.4971695;-5.953204;-5.953204;1418122813095
60;3.396075;-5.7310295;-5.7310295;1418122813102
61;3.9401283;-5.375904;-5.375904;1418122813126
62;4.236653;-4.886211;-4.886211;1418122813159
63;3.6795645;-4.8901396;-4.8901396;1418122813192
64;3.6505435;-4.93468;-4.93468;1418122813192
65;3.296376;-4.957781;-4.957781;1418122813226
66;2.257044;-4.9906573;-4.9906573;1418122813226
67;2.0850775;-5.0878773;-5.0878773;1418122813257
68;2.7363124;-5.158854;-5.158854;1418122813261
69;3.119639;-5.20895;-5.20895;1418122813293
70;3.4868617;-4.9191484;-4.9191484;1418122813326
71;2.4692795;-5.1685038;-5.1685038;1418122813326
72;1.5181233;-5.2344623;-5.2344623;1418122813358
73;1.6056637;-5.6893215;-5.6893215;1418122813359
74;0.8111992;-5.8921237;-5.8921237;1418122813389
75;-1.0694916;-6.188396;-6.188396;1418122813421
76;-1.5687591;-5.8691235;-5.8691235;1418122813421
77;-1.5631194;-5.912266;-5.912266;1418122813452
78;-0.89115983;-6.00299;-6.00299;1418122813458
79;-0.7793448;-6.0848937;-6.0848937;1418122813483
80;-2.3555565;-6.7612267;-6.7612267;1418122813515
81;-3.1185806;-6.6556644;-6.6556644;1418122813518
82;-1.1609604;-6.3053904;-6.3053904;1418122813546
83;1.2866735;-6.344781;-6.344781;1418122813578
84;0.64720416;-7.045461;-7.045461;1418122813578
85;-1.5565257;-8.131836;-8.131836;1418122813611
86;-0.88152254;-7.111763;-7.111763;1418122813642
87;1.7996687;-5.7006903;-5.7006903;1418122813642
88;2.00826;-5.21614;-5.21614;1418122813673
89;-0.005253613;-5.923727;-5.923727;1418122813676
90;-0.9243489;-5.55717;-5.55717;1418122813704
91;-0.21182013;-3.5001593;-3.5001593;1418122813736
92;0.46760613;-1.7260208;-1.7260208;1418122813736
93;1.6273227;-1.0547915;-1.0547915;1418122813767
94;1.5614655;-0.45279694;-0.45279694;1418122813775
95;-0.1265378;0.17986965;0.17986965;1418122813802
96;-1.612305;0.49970913;0.49970913;1418122813814
97;-2.4595184;0.28641224;0.28641224;1418122813834
98;-1.8135407;0.12104225;0.12104225;1418122813880
99;-1.1688541;0.33224678;0.33224678;1418122813881
100;-0.34652078;0.5956688;0.5956688;1418122813921
101;0.7728498;0.7153292;0.7153292;1418122813922
102;0.5148293;0.6811342;0.6811342;1418122813953
103;-0.05518186;0.8970642;0.8970642;1418122813953
104;0.15566397;1.1114149;1.1114149;1418122813985
105;-0.40873992;0.6076765;0.6076765;1418122813992
106;-1.101648;-0.4708042;-0.4708042;1418122814018
107;-1.2045009;-1.0180235;-1.0180235;1418122814032
108;-1.3012645;-1.3958979;-1.3958979;1418122814057
109;-1.1273937;-1.8714895;-1.8714895;1418122814098
110;-0.4870125;-2.8297834;-2.8297834;1418122814098
111;0.06998128;-4.348342;-4.348342;1418122814131
112;0.40014154;-5.3010426;-5.3010426;1418122814131
113;-0.38766503;-6.1277514;-6.1277514;1418122814165
114;-0.63023907;-7.186941;-7.186941;1418122814198
115;-0.09086772;-7.8311114;-7.8311114;1418122814198
116;0.057656318;-10.137463;-10.137463;1418122814232
117;1.1737576;-11.24497;-11.24497;1418122814232
118;0.57379645;-11.841948;-11.841948;1418122814264
119;-1.2779704;-11.891527;-11.891527;1418122814304
120;-1.6535615;-11.186426;-11.186426;1418122814304
121;0.2953968;-10.003535;-10.003535;1418122814309
122;1.5223577;-10.180222;-10.180222;1418122814344
123;0.70750546;-9.759281;-9.759281;1418122814348
124;-0.6816101;-10.02067;-10.02067;1418122814389
125;-0.006878853;-9.591592;-9.591592;1418122814389
126;0.7075548;-8.918894;-8.918894;1418122814423
127;2.5919056;-8.609249;-8.609249;1418122814427
128;3.4171398;-8.1069355;-8.1069355;1418122814456
129;3.453178;-7.4632215;-7.4632215;1418122814467
130;3.248075;-6.600457;-6.600457;1418122814487
131;3.6284876;-6.0189085;-6.0189085;1418122814527
132;4.355055;-5.145005;-5.145005;1418122814527
133;4.3160834;-5.089076;-5.089076;1418122814561
134;3.5439367;-5.182293;-5.182293;1418122814566
135;2.9833167;-4.801258;-4.801258;1418122814594
136;2.7854905;-4.5630107;-4.5630107;1418122814625
137;3.3366718;-4.5306993;-4.5306993;1418122814625
138;3.365599;-4.8501205;-4.8501205;1418122814656
139;3.8537915;-5.0510664;-5.0510664;1418122814665
140;3.2379265;-5.857754;-5.857754;1418122814688
141;2.7531414;-6.134038;-6.134038;1418122814721
142;2.9943793;-6.3795977;-6.3795977;1418122814724
143;2.4269333;-7.2820168;-7.2820168;1418122814756
144;0.56403327;-8.0763855;-8.0763855;1418122814763
145;0.30844033;-9.126571;-9.126571;1418122814791
146;-2.839086;-8.152343;-8.152343;1418122814824
147;-2.7440095;-7.721838;-7.721838;1418122814825
148;-0.065849185;-8.399592;-8.399592;1418122814857
149;0.08519375;-9.799215;-9.799215;1418122814862
150;-3.8776746;-10.738515;-10.738515;1418122814890
151;-4.3624926;-9.694094;-9.694094;1418122814902
152;-0.27040654;-8.765528;-8.765528;1418122814923
153;2.9797525;-8.245691;-8.245691;1418122814956
154;1.9787604;-7.829508;-7.829508;1418122814961
155;-1.8571069;-8.444308;-8.444308;1418122815000
156;-1.3428121;-7.00119;-7.00119;1418122815002
157;-0.29611656;-5.110631;-5.110631;1418122815042
158;0.6604094;-2.8721266;-2.8721266;1418122815043
159;0.28248453;-2.651228;-2.651228;1418122815074
160;-1.2019595;-2.817604;-2.817604;1418122815079
161;-0.7956433;-1.7894678;-1.7894678;1418122815106
162;-0.3204319;-0.71682453;-0.71682453;1418122815120
163;-0.3659609;0.12208462;0.12208462;1418122815139
164;-1.3659933;0.27101326;0.27101326;1418122815169
165;-1.3239678;0.46260166;0.46260166;1418122815201
166;-0.99336857;0.54070187;0.54070187;1418122815201
167;-0.77910036;0.36392498;0.36392498;1418122815232
168;-0.5408609;-0.009375572;-0.009375572;1418122815264
169;-0.033803046;-0.11743164;-0.11743164;1418122815264
170;-1.1045377;-0.6651163;-0.6651163;1418122815297
171;-1.2644906;-0.83968925;-0.83968925;1418122815297
172;-0.5376363;-1.0268011;-1.0268011;1418122815330
173;-0.8089547;-1.6872892;-1.6872892;1418122815337
174;-1.5657659;-2.6766682;-2.6766682;1418122815362
175;-1.0602589;-3.401329;-3.401329;1418122815394
176;-0.56455874;-3.9576693;-3.9576693;1418122815396
177;-0.6759113;-4.8152714;-4.8152714;1418122815425
178;0.739466;-5.807911;-5.807911;1418122815438
179;0.49386874;-6.947589;-6.947589;1418122815458
180;-0.6281354;-8.044338;-8.044338;1418122815488
181;-0.8884085;-8.755407;-8.755407;1418122815495
182;-0.9895638;-8.798704;-8.798704;1418122815521
183;-0.9835628;-9.435001;-9.435001;1418122815535
184;-0.7893027;-10.372228;-10.372228;1418122815554
185;-0.6757045;-12.6502;-12.6502;1418122815587
186;-1.3646222;-12.7246895;-12.7246895;1418122815621
187;-2.0458488;-11.613508;-11.613508;1418122815621
188;-0.45343697;-10.514401;-10.514401;1418122815652
189;2.2243533;-9.88422;-9.88422;1418122815655
190;2.4008002;-9.189057;-9.189057;1418122815684
191;1.58524;-9.79681;-9.79681;1418122815716
192;2.0618749;-8.821024;-8.821024;1418122815716
193;2.3500805;-7.4618416;-7.4618416;1418122815746
194;2.3185062;-6.670547;-6.670547;1418122815752
195;2.898774;-6.1728725;-6.1728725;1418122815778
196;3.8330112;-5.822193;-5.822193;1418122815809
197;3.5270464;-5.4598684;-5.4598684;1418122815812
198;3.8766196;-4.651906;-4.651906;1418122815841
199;4.406491;-4.243365;-4.243365;1418122815852
200;4.176072;-4.697164;-4.697164;1418122815872
201;3.4301789;-5.0272427;-5.0272427;1418122815907
202;2.2205448;-5.0418787;-5.0418787;1418122815910
203;2.0076776;-5.0213532;-5.0213532;1418122815944
204;2.236177;-4.945245;-4.945245;1418122815950
205;2.5044582;-5.1728754;-5.1728754;1418122815980
206;2.408918;-5.53464;-5.53464;1418122815989
207;2.0407312;-6.3229246;-6.3229246;1418122816015
208;0.51334393;-6.7299743;-6.7299743;1418122816049
209;0.0911209;-6.457702;-6.457702;1418122816049
210;0.73551476;-6.520605;-6.520605;1418122816081
211;1.6091733;-7.077292;-7.077292;1418122816089
212;1.2626629;-7.583965;-7.583965;1418122816115
213;-0.33618158;-7.5017843;-7.5017843;1418122816146
214;-1.6206015;-6.889427;-6.889427;1418122816148
215;-1.293618;-6.619664;-6.619664;1418122816178
216;0.8034495;-7.295973;-7.295973;1418122816187
217;-0.58532214;-7.188618;-7.188618;1418122816210
218;-2.2238598;-7.2637725;-7.2637725;1418122816244
219;-2.092597;-6.825726;-6.825726;1418122816247
220;1.0790108;-6.502662;-6.502662;1418122816277
221;3.0074215;-5.9982777;-5.9982777;1418122816287
222;0.32236665;-4.791439;-4.791439;1418122816310
223;-1.283577;-4.7154427;-4.7154427;1418122816343
224;-0.17719314;-4.1144047;-4.1144047;1418122816347
225;-0.31645745;-3.367381;-3.367381;1418122816379
226;-0.6368519;-2.0154638;-2.0154638;1418122816386
227;-1.4963485;-0.83302593;-0.83302593;1418122816417
228;-2.602676;-0.7408514;-0.7408514;1418122816464
229;-2.131334;-0.6484413;-0.6484413;1418122816464
230;-0.82930356;-0.08494854;-0.08494854;1418122816465
231;0.12223533;0.73698616;0.73698616;1418122816502
232;0.59807265;1.1095123;1.1095123;1418122816505
233;0.5705095;0.6858702;0.6858702;1418122816549
234;0.864824;0.8399029;0.8399029;1418122816549
235;1.00224;1.7194128;1.7194128;1418122816583
236;0.17497021;1.6119862;1.6119862;1418122816584
237;-0.3982278;0.5207243;0.5207243;1418122816616
238;-0.28014302;-0.55010605;-0.55010605;1418122816623
239;-0.28166085;-0.9411087;-0.9411087;1418122816647
240;0.35875577;-0.95665646;-0.95665646;1418122816677
241;-0.007876396;-1.4239149;-1.4239149;1418122816682
242;-0.077908784;-2.4501314;-2.4501314;1418122816708
243;0.42793018;-3.5827618;-3.5827618;1418122816739
244;0.12900022;-4.6854773;-4.6854773;1418122816742
245;-0.5148;-5.797614;-5.797614;1418122816774
246;-0.56138045;-6.6792183;-6.6792183;1418122816806
247;-0.79686785;-8.278759;-8.278759;1418122816806
248;-0.6494851;-10.638017;-10.638017;1418122816837
249;-0.17167896;-10.992825;-10.992825;1418122816841
250;0.23295307;-11.607264;-11.607264;1418122816869
251;-0.011392117;-12.119445;-12.119445;1418122816900
252;-0.35714114;-11.997952;-11.997952;1418122816900
253;-0.83873534;-13.627897;-13.627897;1418122816931
254;1.3088527;-12.690216;-12.690216;1418122816940
255;0.95138216;-10.893706;-10.893706;1418122816962
256;1.9962599;-9.320056;-9.320056;1418122816994
257;3.2803965;-8.471714;-8.471714;1418122817026
258;3.712273;-8.081116;-8.081116;1418122817027
259;3.804284;-7.789358;-7.789358;1418122817061
260;3.746246;-6.773036;-6.773036;1418122817061
261;4.4269333;-5.8233933;-5.8233933;1418122817091
262;4.847906;-5.2521477;-5.2521477;1418122817123
263;5.592879;-4.5027094;-4.5027094;1418122817123
264;4.796344;-4.6182404;-4.6182404;1418122817153
265;4.1849613;-4.381138;-4.381138;1418122817157
266;4.6171093;-4.0899525;-4.0899525;1418122817184
267;3.3891034;-4.1950703;-4.1950703;1418122817215
268;2.7420878;-4.310726;-4.310726;1418122817216
269;2.9861755;-4.5079837;-4.5079837;1418122817246
270;2.208473;-4.6397467;-4.6397467;1418122817256
271;1.5527624;-4.7935696;-4.7935696;1418122817277
272;1.8812928;-5.0298543;-5.0298543;1418122817309
273;2.3582559;-5.5225616;-5.5225616;1418122817340
274;2.0516515;-6.257838;-6.257838;1418122817341
275;1.3136041;-7.0698304;-7.0698304;1418122817372
276;-0.63533497;-7.4115257;-7.4115257;1418122817374
277;-1.5727879;-7.1091557;-7.1091557;1418122817402
278;-0.015988827;-7.437728;-7.437728;1418122817433
279;1.8756131;-7.9319887;-7.9319887;1418122817434
280;0.9094691;-8.375169;-8.375169;1418122817464
281;0.046856284;-8.3325615;-8.3325615;1418122817474
282;0.46018147;-7.981291;-7.981291;1418122817495
283;-0.03382981;-7.6543355;-7.6543355;1418122817526
284;0.6142664;-7.0834513;-7.0834513;1418122817558
285;1.4183803;-7.166078;-7.166078;1418122817558
286;-0.24460745;-6.8052835;-6.8052835;1418122817588
287;-0.8708525;-6.5810003;-6.5810003;1418122817592
288;-0.5535755;-6.014735;-6.014735;1418122817620
289;-1.0546412;-5.27297;-5.27297;1418122817650
290;-2.0516055;-5.049116;-5.049116;1418122817651
291;-1.471439;-4.221486;-4.221486;1418122817682
292;-0.2874686;-3.0080404;-3.0080404;1418122817691
293;0.51742613;-1.8277388;-1.8277388;1418122817712
294;0.53203917;-1.229888;-1.229888;1418122817743
295;-0.34743485;-1.4521532;-1.4521532;1418122817775
296;-0.9909698;-1.2809505;-1.2809505;1418122817775
297;0.5722015;-0.114406586;-0.114406586;1418122817806
298;1.2522044;0.43862534;0.43862534;1418122817810
299;0.80921185;0.4173956;0.4173956;1418122817837
300;-0.5663383;-0.29540443;-0.29540443;1418122817870
301;-0.64445204;-0.7772198;-0.7772198;1418122817870
302;-0.6670422;-0.94448566;-0.94448566;1418122817901
303;-1.0586095;-1.2477598;-1.2477598;1418122817908
304;-0.86083657;-1.5441313;-1.5441313;1418122817932
305;-1.1042591;-2.453;-2.453;1418122817948
306;-0.98821574;-2.7780876;-2.7780876;1418122817968
307;-0.849084;-3.1989737;-3.1989737;1418122817995
308;-0.91252714;-4.1406374;-4.1406374;1418122818028
309;-0.6457068;-5.447706;-5.447706;1418122818028
310;-0.21232444;-6.8585615;-6.8585615;1418122818066
311;-0.64914715;-8.802834;-8.802834;1418122818067
312;-0.5332649;-9.522771;-9.522771;1418122818103
313;-0.29273355;-9.753883;-9.753883;1418122818105
314;0.13589728;-10.015258;-10.015258;1418122818139
315;0.43727136;-11.463196;-11.463196;1418122818146
316;0.85823464;-12.911819;-12.911819;1418122818173
317;-0.13626456;-13.798226;-13.798226;1418122818220
318;-1.0737908;-12.5963335;-12.5963335;1418122818220
319;-0.91518545;-11.659307;-11.659307;1418122818225
320;1.3430147;-11.327566;-11.327566;1418122818276
321;1.0903876;-11.279349;-11.279349;1418122818276
322;0.85118675;-10.236148;-10.236148;1418122818313
323;0.960685;-8.910345;-8.910345;1418122818313
324;2.2330868;-8.45959;-8.45959;1418122818346
325;2.7704191;-7.9706593;-7.9706593;1418122818346
326;3.1653414;-6.9496326;-6.9496326;1418122818381
327;3.2709558;-5.9130497;-5.9130497;1418122818383
328;3.9381397;-5.6434474;-5.6434474;1418122818414
329;5.167845;-5.414005;-5.414005;1418122818447
330;5.10016;-5.191413;-5.191413;1418122818448
331;4.9967303;-4.98528;-4.98528;1418122818480
332;4.8908224;-4.766943;-4.766943;1418122818482
333;4.733653;-4.8744235;-4.8744235;1418122818514
334;3.5958276;-5.33038;-5.33038;1418122818547
335;2.870574;-5.4609914;-5.4609914;1418122818547
336;2.7604613;-5.6850424;-5.6850424;1418122818580
337;3.0077167;-5.69184;-5.69184;1418122818581
338;3.028998;-6.202885;-6.202885;1418122818613
339;2.0032587;-6.453246;-6.453246;1418122818646
340;1.8427064;-6.611623;-6.611623;1418122818646
341;2.6466565;-6.868892;-6.868892;1418122818677
342;1.3316929;-7.6026278;-7.6026278;1418122818679
343;0.09072852;-8.311191;-8.311191;1418122818708
344;0.102320194;-8.416323;-8.416323;1418122818739
345;-0.5219798;-8.795579;-8.795579;1418122818739
346;-0.9088447;-8.949862;-8.949862;1418122818770
347;-0.6311891;-10.029082;-10.029082;1418122818778
348;0.51642823;-9.251389;-9.251389;1418122818801
349;1.4137455;-8.268589;-8.268589;1418122818832
350;0.5602807;-6.2464776;-6.2464776;1418122818863
351;-1.8003923;-6.895014;-6.895014;1418122818863
352;0.28315926;-7.164422;-7.164422;1418122818894
353;2.734395;-7.2005215;-7.2005215;1418122818897
354;2.9531205;-6.716383;-6.716383;1418122818926
355;0.6071668;-6.9090395;-6.9090395;1418122818957
356;-2.5777688;-7.0276337;-7.0276337;1418122818957
357;-0.837127;-6.9305696;-6.9305696;1418122818989
358;0.59623396;-6.2742195;-6.2742195;1418122818996
359;0.068214506;-6.0707083;-6.0707083;1418122819024
360;-1.2272612;-4.3839426;-4.3839426;1418122819036
361;-0.69944876;-2.4477596;-2.4477596;1418122819058
362;0.48839957;-1.1759644;-1.1759644;1418122819096
363;0.32481766;-0.95711327;-0.95711327;1418122819096
364;0.36352426;-1.3346529;-1.3346529;1418122819129
365;0.4908991;-0.9929943;-0.9929943;1418122819134
366;-0.41471767;-0.6697931;-0.6697931;1418122819162
367;-0.8404671;-1.2866106;-1.2866106;1418122819193
368;-1.101072;-2.5520353;-2.5520353;1418122819194
369;-0.27207172;-3.4239817;-3.4239817;1418122819226
370;-0.1328706;-4.103572;-4.103572;1418122819233
371;-0.54325676;-4.4315434;-4.4315434;1418122819256
372;0.025450647;-4.412731;-4.412731;1418122819287
373;0.742015;-5.519699;-5.519699;1418122819318
374;0.81595135;-6.9876385;-6.9876385;1418122819319
375;1.2557418;-7.356123;-7.356123;1418122819349
376;1.2843509;-7.138172;-7.138172;1418122819353
377;0.5315504;-7.1358433;-7.1358433;1418122819379
378;-0.30416763;-9.608498;-9.608498;1418122819410
379;0.057109952;-10.220584;-10.220584;1418122819411
380;-0.5952959;-10.578054;-10.578054;1418122819441
381;0.18039346;-10.475517;-10.475517;1418122819451
382;0.36192298;-9.644119;-9.644119;1418122819472
383;0.64774966;-10.315155;-10.315155;1418122819504
384;1.6451633;-11.310429;-11.310429;1418122819510
385;2.8565161;-9.929012;-9.929012;1418122819533
386;2.5700583;-10.22102;-10.22102;1418122819563
387;2.52524;-8.755487;-8.755487;1418122819571
388;1.8355887;-7.8833637;-7.8833637;1418122819594
389;1.7695851;-6.7494216;-6.7494216;1418122819625
390;3.940317;-6.8895288;-6.8895288;1418122819629
391;3.715359;-6.3318806;-6.3318806;1418122819656
392;3.4340413;-5.830206;-5.830206;1418122819668
393;4.210801;-4.981872;-4.981872;1418122819688
394;4.405904;-4.9156027;-4.9156027;1418122819717
395;4.4451323;-5.0814934;-5.0814934;1418122819748
396;5.132965;-5.2080297;-5.2080297;1418122819749
397;4.676276;-5.404543;-5.404543;1418122819779
398;3.3363388;-5.3624187;-5.3624187;1418122819788
399;3.9437206;-5.3027782;-5.3027782;1418122819809
400;4.247464;-5.571244;-5.571244;1418122819841
401;4.555404;-6.1513824;-6.1513824;1418122819846
402;3.9262226;-6.8322835;-6.8322835;1418122819872
403;2.575841;-7.242383;-7.242383;1418122819902
404;0.90442705;-6.959325;-6.959325;1418122819905
405;1.7160838;-6.952574;-6.952574;1418122819933
406;2.55488;-7.579458;-7.579458;1418122819963
407;0.94608164;-8.146342;-8.146342;1418122819964
408;-0.26344728;-8.693617;-8.693617;1418122819995
409;0.15151834;-8.415777;-8.415777;1418122820004
410;1.6306124;-8.505491;-8.505491;1418122820026
411;0.62682605;-8.892096;-8.892096;1418122820057
412;-1.010366;-8.507393;-8.507393;1418122820063
413;-0.53192127;-7.624459;-7.624459;1418122820088
414;0.74078524;-6.8018827;-6.8018827;1418122820119
415;-0.33776677;-6.6077356;-6.6077356;1418122820122
416;-1.0670047;-6.1347294;-6.1347294;1418122820150
417;-1.538284;-6.057703;-6.057703;1418122820181
418;-0.07941759;-5.333291;-5.333291;1418122820182
419;1.6605016;-4.633046;-4.633046;1418122820212
420;1.6109164;-2.7708025;-2.7708025;1418122820221
421;0.82741463;-2.3005877;-2.3005877;1418122820243
422;-1.1785198;-2.8027267;-2.8027267;1418122820274
423;-1.5124135;-3.3448257;-3.3448257;1418122820306
424;-0.48982018;-2.6938868;-2.6938868;1418122820306
425;-0.82995206;-1.519062;-1.519062;1418122820338
426;-0.370367;-0.5874615;-0.5874615;1418122820340
427;0.23456335;-0.94123363;-0.94123363;1418122820370
428;-0.028613716;-1.1124039;-1.1124039;1418122820401
429;0.57482195;-0.6821518;-0.6821518;1418122820401
430;0.401461;-0.6128702;-0.6128702;1418122820432
431;-0.057718575;-1.2041445;-1.2041445;1418122820439
432;-0.16979122;-2.3130445;-2.3130445;1418122820462
433;-0.2446481;-3.092514;-3.092514;1418122820493
434;-0.54658866;-3.409748;-3.409748;1418122820498
435;-0.68982995;-3.3122005;-3.3122005;1418122820524
436;-0.34302384;-3.8384228;-3.8384228;1418122820556
437;-0.105666995;-4.5629654;-4.5629654;1418122820558
438;-0.13190746;-6.556321;-6.556321;1418122820587
439;0.41316426;-6.81266;-6.81266;1418122820622
440;0.40701747;-6.5291414;-6.5291414;1418122820623
441;-0.34182608;-6.8022823;-6.8022823;1418122820655
442;-0.7061069;-7.599641;-7.599641;1418122820656
443;-0.42685008;-9.186369;-9.186369;1418122820693
444;-0.71735823;-10.705294;-10.705294;1418122820696
445;0.15658331;-10.095383;-10.095383;1418122820734
446;0.82955027;-9.628906;-9.628906;1418122820736
447;0.583436;-9.543009;-9.543009;1418122820779
448;0.026762724;-9.239792;-9.239792;1418122820779
449;0.8050976;-10.612919;-10.612919;1418122820820
450;2.776531;-11.270559;-11.270559;1418122820820
451;2.6404552;-8.96456;-8.96456;1418122820863
452;1.3850427;-7.644804;-7.644804;1418122820863
453;1.3528066;-6.9157524;-6.9157524;1418122820874
454;2.8540707;-5.9034085;-5.9034085;1418122820899
455;4.3059177;-6.134512;-6.134512;1418122820931
456;4.135514;-5.5206356;-5.5206356;1418122820933
457;3.3705027;-4.8555;-4.8555;1418122820964
458;2.9110937;-4.720111;-4.720111;1418122820972
459;2.7157345;-4.6421275;-4.6421275;1418122820997
460;2.8261502;-4.542488;-4.542488;1418122821029
461;3.3048215;-4.420539;-4.420539;1418122821031
462;3.1156003;-4.5761657;-4.5761657;1418122821065
463;2.8956962;-4.6259165;-4.6259165;1418122821071
464;3.0298243;-4.510522;-4.510522;1418122821099
465;3.0374377;-4.7231216;-4.7231216;1418122821111
466;1.956019;-4.6525517;-4.6525517;1418122821132
467;1.3516908;-4.9972234;-4.9972234;1418122821164
468;1.6729759;-5.4370613;-5.4370613;1418122821170
469;1.2769258;-5.8173285;-5.8173285;1418122821198
470;1.1121844;-5.7949266;-5.7949266;1418122821210
471;2.1263552;-6.017992;-6.017992;1418122821232
472;1.5457152;-6.5218883;-6.5218883;1418122821263
473;0.06310773;-7.064794;-7.064794;1418122821269
474;0.4906392;-6.8038826;-6.8038826;1418122821294
475;2.019631;-6.4329033;-6.4329033;1418122821328
476;0.37869215;-7.1074057;-7.1074057;1418122821329
477;-0.78363824;-8.120621;-8.120621;1418122821362
478;-0.25465822;-7.157544;-7.157544;1418122821368
479;-0.120693564;-5.4795856;-5.4795856;1418122821397
480;-0.29134953;-4.59495;-4.59495;1418122821408
481;-0.10459328;-5.421527;-5.421527;1418122821434
482;-0.44928908;-5.80402;-5.80402;1418122821467
483;0.7491755;-5.8658705;-5.8658705;1418122821467
484;-0.38712615;-3.9910755;-3.9910755;1418122821500
485;-0.64950836;-3.1449785;-3.1449785;1418122821506
486;-0.09550774;-2.8956556;-2.8956556;1418122821531
487;0.14145276;-3.5510902;-3.5510902;1418122821546
488;0.30111924;-3.5193663;-3.5193663;1418122821566
489;-0.08416611;-2.6151228;-2.6151228;1418122821594
490;-0.7581904;-2.0214577;-2.0214577;1418122821626
491;-0.0047599673;-1.1070843;-1.1070843;1418122821626
492;0.33352664;-0.7672634;-0.7672634;1418122821659
493;0.3962975;-0.51292133;-0.51292133;1418122821692
494;0.5029774;-0.72998524;-0.72998524;1418122821693
495;0.36454225;-0.5246849;-0.5246849;1418122821725
496;0.20269723;-0.89476776;-0.89476776;1418122821725
497;-0.17587383;-1.7869997;-1.7869997;1418122821756
498;-0.22115396;-2.5816326;-2.5816326;1418122821764
499;-0.13420156;-3.0881405;-3.0881405;1418122821787
500;-0.492944;-3.0463095;-3.0463095;1418122821819
501;-0.7627307;-3.0836878;-3.0836878;1418122821823
502;-0.7561641;-3.6139374;-3.6139374;1418122821853
503;-0.87914276;-5.2187767;-5.2187767;1418122821862
504;-0.66428477;-6.208894;-6.208894;1418122821887
505;0.046558797;-6.765377;-6.765377;1418122821921
506;0.13947058;-6.463978;-6.463978;1418122821922
507;0.0040169954;-6.646654;-6.646654;1418122821952
508;-0.36161113;-8.616593;-8.616593;1418122821961
509;-0.5018929;-10.104635;-10.104635;1418122821984
510;-0.4491043;-10.12048;-10.12048;1418122822016
511;0.41239452;-9.890814;-9.890814;1418122822020
512;-0.07373166;-9.397861;-9.397861;1418122822048
513;0.25316453;-9.0150795;-9.0150795;1418122822080
514;1.2559106;-9.61558;-9.61558;1418122822080
515;1.5013797;-11.408448;-11.408448;1418122822111
516;2.4261205;-10.418044;-10.418044;1418122822143
517;1.7668269;-8.668833;-8.668833;1418122822143
518;1.163918;-8.027069;-8.027069;1418122822177
519;2.4966707;-6.867428;-6.867428;1418122822178
520;3.2732587;-6.476111;-6.476111;1418122822210
521;3.9369764;-6.835449;-6.835449;1418122822242
522;3.7839165;-6.238693;-6.238693;1418122822242
523;3.2603958;-5.416649;-5.416649;1418122822274
524;4.128233;-4.6239924;-4.6239924;1418122822277
525;4.639421;-4.436014;-4.436014;1418122822308
526;4.752464;-4.4264436;-4.4264436;1418122822317
527;4.135005;-4.408649;-4.408649;1418122822340
528;3.3507297;-4.5794096;-4.5794096;1418122822374
529;3.429401;-4.5897264;-4.5897264;1418122822376
530;3.9277818;-4.4879518;-4.4879518;1418122822407
531;3.776665;-4.262917;-4.262917;1418122822416
532;3.3718948;-4.2164793;-4.2164793;1418122822438
533;2.9247656;-4.552822;-4.552822;1418122822469
534;2.3699205;-5.3035727;-5.3035727;1418122822475
535;1.7608786;-6.171241;-6.171241;1418122822500
536;1.6353445;-5.878478;-5.878478;1418122822532
537;2.3647962;-6.3335457;-6.3335457;1418122822534
538;1.8559039;-7.08442;-7.08442;1418122822563
539;0.7297125;-7.77366;-7.77366;1418122822595
540;-0.93633795;-7.8893394;-7.8893394;1418122822595
541;-0.9323847;-7.315528;-7.315528;1418122822626
542;0.7323153;-7.102894;-7.102894;1418122822634
543;0.94010353;-6.3101854;-6.3101854;1418122822659
544;-0.19743013;-5.2951884;-5.2951884;1418122822693
545;0.08746779;-4.8829336;-4.8829336;1418122822693
546;2.5527573;-4.9095583;-4.9095583;1418122822725
547;3.0505524;-5.391382;-5.391382;1418122822732
548;2.2417645;-5.8561306;-5.8561306;1418122822759
549;1.4498881;-4.8298836;-4.8298836;1418122822796
550;0.39149356;-3.6557798;-3.6557798;1418122822796
551;-1.120023;-3.4208803;-3.4208803;1418122822831
552;-1.3237927;-3.948286;-3.948286;1418122822832
553;-0.3577382;-4.165246;-4.165246;1418122822863
554;0.46919507;-3.4376392;-3.4376392;1418122822894
555;-0.45754522;-2.3603973;-2.3603973;1418122822894
556;-1.329068;-1.231184;-1.231184;1418122822925
557;-1.4031178;-1.1849022;-1.1849022;1418122822930
558;-0.7829455;-0.8261366;-0.8261366;1418122822958
559;-0.3390663;-0.30967617;-0.30967617;1418122822970
560;-0.41291064;0.25412178;0.25412178;1418122822990
561;-0.78250843;0.5034342;0.5034342;1418122823022
562;-1.1166406;0.31724358;0.31724358;1418122823028
563;-1.4346676;-0.5447922;-0.5447922;1418122823053
564;-1.1484746;-1.1644773;-1.1644773;1418122823084
565;-1.1370409;-1.5402937;-1.5402937;1418122823087
566;-1.5541675;-1.9199791;-1.9199791;1418122823116
567;-1.892026;-2.1990747;-2.1990747;1418122823147
568;-1.7611036;-2.396864;-2.396864;1418122823147
569;-1.3014171;-3.686267;-3.686267;1418122823180
570;-0.6255781;-5.8505745;-5.8505745;1418122823186
571;0.20474333;-7.361289;-7.361289;1418122823213
572;1.9809532;-6.6774015;-6.6774015;1418122823245
573;2.1691394;-6.817169;-6.817169;1418122823245
574;1.5470066;-7.3798904;-7.3798904;1418122823283
575;1.4823887;-8.934391;-8.934391;1418122823285
576;1.6608877;-9.994438;-9.994438;1418122823315
577;2.3319347;-9.73974;-9.73974;1418122823349
578;2.3485665;-8.686173;-8.686173;1418122823349
579;1.8767762;-8.013752;-8.013752;1418122823382
580;1.6142333;-7.314432;-7.314432;1418122823384
581;1.5660257;-8.263453;-8.263453;1418122823415
582;3.0796998;-8.691435;-8.691435;1418122823448
583;3.5277987;-7.6942725;-7.6942725;1418122823448
584;3.0777504;-6.8036027;-6.8036027;1418122823479
585;2.8766067;-5.9054437;-5.9054437;1418122823483
586;3.4428918;-4.9886217;-4.9886217;1418122823511
587;4.3698664;-4.944601;-4.944601;1418122823522
588;3.860268;-4.6859236;-4.6859236;1418122823545
589;3.5670447;-4.562795;-4.562795;1418122823579
590;3.5255723;-4.595996;-4.595996;1418122823581
591;3.7496107;-4.7197094;-4.7197094;1418122823612
592;2.5460873;-4.544842;-4.544842;1418122823622
593;2.44737;-4.231715;-4.231715;1418122823644
594;3.118682;-4.053404;-4.053404;1418122823678
595;3.5448587;-4.2744436;-4.2744436;1418122823680
596;3.552342;-4.6542406;-4.6542406;1418122823711
597;2.8792515;-4.4948483;-4.4948483;1418122823720
598;2.7272425;-4.4236;-4.4236;1418122823742
599;2.2231278;-4.8859;-4.8859;1418122823774
600;1.9771528;-5.1227202;-5.1227202;1418122823779
601;1.1705737;-6.055639;-6.055639;1418122823810
602;1.1947889;-6.126409;-6.126409;1418122823819
603;0.11190987;-6.803553;-6.803553;1418122823847
604;0.39418793;-6.8971767;-6.8971767;1418122823883
605;1.292413;-7.1026807;-7.1026807;1418122823884
606;2.6256545;-6.832898;-6.832898;1418122823915
607;1.5693257;-6.6454325;-6.6454325;1418122823918
608;-0.818167;-7.0247736;-7.0247736;1418122823947
609;0.05758977;-7.262943;-7.262943;1418122823957
610;2.6165364;-6.5383425;-6.5383425;1418122823982
611;3.683917;-5.172765;-5.172765;1418122824015
612;2.554596;-4.7360973;-4.7360973;1418122824016
613;0.726539;-5.8240414;-5.8240414;1418122824048
614;0.100325465;-6.133849;-6.133849;1418122824057
615;-1.2340238;-5.0798607;-5.0798607;1418122824086
616;-1.2334594;-4.179372;-4.179372;1418122824118
617;-1.3970323;-3.9312534;-3.9312534;1418122824118
618;-2.4726071;-4.5645857;-4.5645857;1418122824151
619;-2.422573;-3.8281384;-3.8281384;1418122824155
620;-1.4245268;-2.311161;-2.311161;1418122824185
621;-0.24928786;-1.4493885;-1.4493885;1418122824218
622;-0.12057924;-1.0549116;-1.0549116;1418122824219
623;-0.81822073;-0.9372425;-0.9372425;1418122824250
624;-0.3117544;-0.7173748;-0.7173748;1418122824254
625;-0.6126111;-0.71628666;-0.71628666;1418122824281
626;-0.79936004;-0.83648396;-0.83648396;1418122824314
627;-0.66164416;-1.3450155;-1.3450155;1418122824314
628;-0.39492434;-1.5679483;-1.5679483;1418122824348
629;-0.113634065;-1.9948215;-1.9948215;1418122824352
630;0.17115012;-2.3063965;-2.3063965;1418122824383
631;0.495807;-2.6548624;-2.6548624;1418122824392
632;0.07146999;-3.0033016;-3.0033016;1418122824416
633;-0.13833565;-3.3642874;-3.3642874;1418122824447
634;0.011608303;-3.5839596;-3.5839596;1418122824450
635;0.49590456;-4.1982737;-4.1982737;1418122824481
636;-0.1477837;-5.307637;-5.307637;1418122824491
637;-0.31656504;-5.454321;-5.454321;1418122824514
638;0.24813306;-5.7965746;-5.7965746;1418122824547
639;0.12152302;-6.5747337;-6.5747337;1418122824549
640;-0.6792662;-7.7399387;-7.7399387;1418122824583
641;-0.44132686;-8.062986;-8.062986;1418122824590
642;-0.46162033;-8.579265;-8.579265;1418122824615
643;0.105152965;-9.281157;-9.281157;1418122824649
644;-0.7239082;-9.283859;-9.283859;1418122824649
645;0.3733635;-10.253313;-10.253313;1418122824682
646;1.0793056;-10.910618;-10.910618;1418122824688
647;0.7020669;-10.228613;-10.228613;1418122824714
648;0.8925996;-9.13863;-9.13863;1418122824753
649;1.9352486;-8.300233;-8.300233;1418122824753
650;1.3349068;-6.9294653;-6.9294653;1418122824790
651;1.5581877;-6.9249654;-6.9249654;1418122824791
652;2.931767;-5.722382;-5.722382;1418122824824
653;2.1667006;-4.7565203;-4.7565203;1418122824827
654;2.3119292;-3.9888425;-3.9888425;1418122824858
655;2.758329;-3.2720594;-3.2720594;1418122824891
656;3.017154;-2.7388475;-2.7388475;1418122824891
657;2.7296753;-2.1934695;-2.1934695;1418122824925
658;2.4235911;-1.7401276;-1.7401276;1418122824926
659;2.5558004;-1.4372847;-1.4372847;1418122824958
660;2.4495106;-1.0664806;-1.0664806;1418122824995
661;2.162772;-0.3151331;-0.3151331;1418122824995
662;2.1301522;-0.5308976;-0.5308976;1418122825035
663;2.3059406;-0.39826608;-0.39826608;1418122825035
664;1.2681496;-0.434927;-0.434927;1418122825044
665;1.2519635;0.15760994;0.15760994;1418122825069
666;1.7102498;0.21392512;0.21392512;1418122825102
667;1.77846;0.3406608;0.3406608;1418122825103
668;0.72280836;0.24065709;0.24065709;1418122825133
669;0.7912128;0.6688404;0.6688404;1418122825143
670;1.2120488;0.48941612;0.48941612;1418122825164
671;0.9217988;0.2846024;0.2846024;1418122825195
672;0.7259871;0.4591813;0.4591813;1418122825226
673;0.9181515;0.638916;0.638916;1418122825226
674;1.2922713;0.55162406;0.55162406;1418122825258
675;1.3791909;0.45822716;0.45822716;1418122825263
676;1.4567717;0.56319094;0.56319094;1418122825289
677;0.7807934;0.42215383;0.42215383;1418122825320
678;0.7100699;0.64935434;0.64935434;1418122825321
679;0.81704295;0.48638988;0.48638988;1418122825352
680;0.6877674;0.10264063;0.10264063;1418122825360
681;0.65844977;0.15183103;0.15183103;1418122825384
682;0.7453821;-0.08476424;-0.08476424;1418122825415
683;0.8175851;0.17809951;0.17809951;1418122825420
684;0.5429851;0.33831978;0.33831978;1418122825446
685;1.1804193;0.30420458;0.30420458;1418122825477
686;0.9513098;0.12347329;0.12347329;1418122825480
687;0.81913126;0.040783286;0.040783286;1418122825509
688;0.91135883;-0.10459602;-0.10459602;1418122825550
689;0.79975927;-0.005913615;-0.005913615;1418122825550
690;0.6432346;0.40984464;0.40984464;1418122825589
691;1.0144002;0.57051694;0.57051694;1418122825589
692;0.99955034;0.21982646;0.21982646;1418122825627
693;0.35947466;-0.26440454;-0.26440454;1418122825627
694;-0.49172854;-0.51470995;-0.51470995;1418122825664
695;0.9591197;0.43876827;0.43876827;1418122825664
