;x;y;z;time
0;-2.185721;-2.6521654;-2.6521654;1418119688937
1;-0.58601713;-2.7863655;-2.7863655;1418119688957
2;2.6604233;-2.3023906;-2.3023906;1418119688977
3;3.9413934;-2.13366;-2.13366;1418119689001
4;3.6969643;-2.5273356;-2.5273356;1418119689016
5;3.5739832;-3.718457;-3.718457;1418119689036
6;0.0031375885;-3.6009583;-3.6009583;1418119689056
7;-3.2928667;-2.9832306;-2.9832306;1418119689076
8;-2.77848;-2.8740005;-2.8740005;1418119689095
9;-0.68416595;-2.5427308;-2.5427308;1418119689115
10;0.31442738;-1.8412604;-1.8412604;1418119689135
11;0.4513712;-1.4040189;-1.4040189;1418119689154
12;0.11760616;-1.2849259;-1.2849259;1418119689174
13;0.6383419;-1.1676722;-1.1676722;1418119689195
14;0.3646698;-1.446888;-1.446888;1418119689213
15;1.0561824;-1.7228632;-1.7228632;1418119689233
16;-2.095327;-2.462184;-2.462184;1418119689253
17;-1.5266995;-1.5643673;-1.5643673;1418119689273
18;-0.36828828;-1.1841125;-1.1841125;1418119689293
19;0.42694712;-0.8988867;-0.8988867;1418119689312
20;0.9694927;-1.3034296;-1.3034296;1418119689332
21;0.06900573;-1.5963554;-1.5963554;1418119689352
22;-0.17952871;-1.2792368;-1.2792368;1418119689372
23;-0.50932574;-0.48892212;-0.48892212;1418119689392
24;-0.10079837;-0.9511175;-0.9511175;1418119689411
25;0.7750288;-0.93928623;-0.93928623;1418119689431
26;0.7983657;-1.3728056;-1.3728056;1418119689450
27;0.5461838;-1.0853243;-1.0853243;1418119689470
28;-0.5633123;-0.77704716;-0.77704716;1418119689490
29;-1.1865084;-1.2507219;-1.2507219;1418119689510
30;-0.80822897;-1.2979336;-1.2979336;1418119689529
31;-0.9996284;-1.1071692;-1.1071692;1418119689549
32;-1.1534154;-0.76807976;-0.76807976;1418119689569
33;-1.4575229;-0.5636358;-0.5636358;1418119689588
34;-1.3242803;-0.75755405;-0.75755405;1418119689608
35;-0.7386076;-0.5670996;-0.5670996;1418119689628
36;-0.4333156;-0.5845251;-0.5845251;1418119689648
37;-0.9337734;-0.5744486;-0.5744486;1418119689667
38;-0.76258886;-0.4253893;-0.4253893;1418119689688
39;-0.18203929;-0.1093359;-0.1093359;1418119689707
40;0.018123388;0.09354973;0.09354973;1418119689727
41;0.4667739;0.27672672;0.27672672;1418119689746
42;0.37930104;0.4403124;0.4403124;1418119689766
43;0.03914097;0.549634;0.549634;1418119689786
44;0.3065498;0.35300922;0.35300922;1418119689806
45;-0.187242;0.35830212;0.35830212;1418119689825
46;-0.73032045;-0.08813858;-0.08813858;1418119689845
47;-1.6226311;-0.12735271;-0.12735271;1418119689866
48;-2.412866;-0.4500513;-0.4500513;1418119689884
49;-2.8812718;-0.8470926;-0.8470926;1418119689904
50;-3.8544807;-1.1867018;-1.1867018;1418119689924
51;-4.5198946;-1.0509396;-1.0509396;1418119689944
52;-4.8204846;-1.5694542;-1.5694542;1418119689964
53;-4.1533947;-2.3279676;-2.3279676;1418119689983
54;-2.9580395;-2.7408953;-2.7408953;1418119690010
55;-1.4582968;-2.793006;-2.793006;1418119690023
56;-1.0858057;-2.9885292;-2.9885292;1418119690043
57;-1.7270002;-2.7178087;-2.7178087;1418119690062
58;-1.595118;-2.805131;-2.805131;1418119690082
59;-2.1620293;-3.2641745;-3.2641745;1418119690102
60;-3.1884923;-2.7031012;-2.7031012;1418119690121
61;0.13891745;-3.4460115;-3.4460115;1418119690141
62;2.5588322;-4.443055;-4.443055;1418119690161
63;3.1956692;-4.577832;-4.577832;1418119690181
64;-0.52372646;-4.197545;-4.197545;1418119690200
65;-1.725894;-5.0190573;-5.0190573;1418119690220
66;2.238124;-4.270152;-4.270152;1418119690240
67;5.037593;-3.4394941;-3.4394941;1418119690259
68;3.8582506;-2.9255047;-2.9255047;1418119690279
69;0.61095905;-3.0909016;-3.0909016;1418119690299
70;0.9063568;-3.0073986;-3.0073986;1418119690319
71;3.6167717;-2.5312414;-2.5312414;1418119690338
72;4.55789;-1.7660446;-1.7660446;1418119690358
73;2.2981606;-2.1914496;-2.1914496;1418119690378
74;2.5913944;-2.1627026;-2.1627026;1418119690398
75;1.9508886;-2.353009;-2.353009;1418119690417
76;3.7748299;-1.8804349;-1.8804349;1418119690437
77;6.1379185;-0.95985913;-0.95985913;1418119690456
78;6.5935984;-1.0091798;-1.0091798;1418119690476
79;5.187189;-0.9767735;-0.9767735;1418119690497
80;4.5816965;-1.1852586;-1.1852586;1418119690516
81;3.6871958;-1.440469;-1.440469;1418119690536
82;3.6636734;-1.3114274;-1.3114274;1418119690555
83;4.3484726;-0.90206575;-0.90206575;1418119690575
84;3.973032;-1.0624807;-1.0624807;1418119690595
85;2.0681705;-1.415103;-1.415103;1418119690615
86;2.2506466;-1.1237772;-1.1237772;1418119690635
87;3.132205;-0.8821435;-0.8821435;1418119690654
88;2.48489;-1.1679482;-1.1679482;1418119690674
89;0.50267696;-1.4239562;-1.4239562;1418119690694
90;0.76498604;-0.9965322;-0.9965322;1418119690713
91;2.0921574;-0.55292535;-0.55292535;1418119690733
92;2.6846848;-0.4541905;-0.4541905;1418119690753
93;2.4761114;-0.73558235;-0.73558235;1418119690772
94;2.229766;-0.97165346;-0.97165346;1418119690792
95;2.0373306;-1.1043291;-1.1043291;1418119690812
96;2.057701;-1.11725;-1.11725;1418119690832
97;2.8686085;-0.91738033;-0.91738033;1418119690851
98;3.763401;-0.89080024;-0.89080024;1418119690871
99;3.782013;-1.2211933;-1.2211933;1418119690891
100;1.4063892;-2.183589;-2.183589;1418119690910
101;0.7952366;-2.1763663;-2.1763663;1418119690930
102;0.9033251;-2.3336353;-2.3336353;1418119690951
103;2.033431;-1.7841134;-1.7841134;1418119690970
104;0.61719036;-2.2005765;-2.2005765;1418119690990
105;1.5085268;-2.2570336;-2.2570336;1418119691017
106;1.8250914;-2.0527005;-2.0527005;1418119691030
107;1.7832308;-1.7941186;-1.7941186;1418119691049
108;0.26480103;-3.2165623;-3.2165623;1418119691069
109;0.12108803;-2.8522534;-2.8522534;1418119691088
110;1.6799078;-2.7978716;-2.7978716;1418119691108
111;0.88146305;-2.8770995;-2.8770995;1418119691127
112;-0.009193897;-3.0914106;-3.0914106;1418119691148
113;-1.6175661;-3.381494;-3.381494;1418119691167
114;-2.6710587;-3.8151636;-3.8151636;1418119691187
115;-4.38598;-3.4340658;-3.4340658;1418119691207
116;-4.6275926;-2.7285328;-2.7285328;1418119691226
117;-4.067311;-2.2014751;-2.2014751;1418119691248
118;-2.3806767;-1.5155802;-1.5155802;1418119691267
119;0.6757126;-0.70779705;-0.70779705;1418119691286
120;0.8006301;-0.3854313;-0.3854313;1418119691306
121;0.44318247;-0.31785107;-0.31785107;1418119691325
122;-0.0011482239;-0.006822586;-0.006822586;1418119691344
123;-0.30522776;-0.22809792;-0.22809792;1418119691364
124;-0.86482453;-0.49517632;-0.49517632;1418119691384
125;-0.40129256;-1.1650085;-1.1650085;1418119691404
126;-0.5935068;-1.475008;-1.475008;1418119691424
127;-0.46672416;-0.4336872;-0.4336872;1418119691443
128;1.0717885;-2.1711245;-2.1711245;1418119691463
129;-1.8929231;-0.4366665;-0.4366665;1418119691483
130;-2.4380295;-0.39380836;-0.39380836;1418119691503
131;-2.4976463;-0.24020672;-0.24020672;1418119691522
132;-1.3033648;-0.8570709;-0.8570709;1418119691542
133;-0.4196024;-0.45271683;-0.45271683;1418119691561
134;-0.5685358;-0.23093128;-0.23093128;1418119691581
135;-1.1015873;-0.28931618;-0.28931618;1418119691601
136;-1.529108;-0.21573925;-0.21573925;1418119691621
137;-1.0042884;-0.33657932;-0.33657932;1418119691641
138;-0.92145836;-0.35585594;-0.35585594;1418119691660
139;-0.518489;-0.3375988;-0.3375988;1418119691680
140;-0.27519774;-0.24793148;-0.24793148;1418119691703
141;-0.61970496;-0.19740486;-0.19740486;1418119691720
142;-0.85625625;-0.17975426;-0.17975426;1418119691740
143;-0.57500273;-0.13350868;-0.13350868;1418119691759
144;-0.6680689;-0.077243805;-0.077243805;1418119691779
145;-0.6987085;-0.034145355;-0.034145355;1418119691799
146;-0.6696168;0.028601646;0.028601646;1418119691818
147;0.017357707;0.19137955;0.19137955;1418119691839
148;-0.47325677;0.30328178;0.30328178;1418119691858
149;-0.8070264;0.118795395;0.118795395;1418119691878
150;-0.86620706;0.069067;0.069067;1418119691899
151;-1.0779326;-0.1311922;-0.1311922;1418119691917
152;-2.0548291;-0.24006176;-0.24006176;1418119691937
153;-2.1226144;-0.44921017;-0.44921017;1418119691957
154;-3.0139055;-0.6336012;-0.6336012;1418119691977
155;-3.963501;-1.041584;-1.041584;1418119692001
156;-4.238031;-1.4927158;-1.4927158;1418119692016
157;-4.1741447;-1.723155;-1.723155;1418119692035
158;-3.8980606;-2.165331;-2.165331;1418119692055
159;-3.7222483;-2.6999006;-2.6999006;1418119692076
160;-3.5795672;-2.910822;-2.910822;1418119692095
161;-3.6735947;-3.3051615;-3.3051615;1418119692114
162;-3.4938064;-3.2796412;-3.2796412;1418119692134
163;-2.1595821;-2.8178244;-2.8178244;1418119692155
164;-1.2572718;-3.2902946;-3.2902946;1418119692174
165;-0.27656937;-3.4083538;-3.4083538;1418119692193
166;-0.22993994;-3.355897;-3.355897;1418119692213
167;-0.18004942;-3.44808;-3.44808;1418119692233
168;0.552928;-2.9805355;-2.9805355;1418119692252
169;0.91246605;-2.6998787;-2.6998787;1418119692272
170;1.5452337;-3.0663733;-3.0663733;1418119692292
171;1.3707123;-3.2338428;-3.2338428;1418119692312
172;-0.24834728;-3.3207097;-3.3207097;1418119692333
173;0.81335926;-3.0801046;-3.0801046;1418119692353
174;3.4579115;-2.338229;-2.338229;1418119692386
175;5.3502083;-2.1524248;-2.1524248;1418119692392
176;3.3052511;-2.0392866;-2.0392866;1418119692412
177;0.96041584;-2.7786138;-2.7786138;1418119692431
178;1.2671347;-2.205528;-2.205528;1418119692450
179;2.714446;-1.9307994;-1.9307994;1418119692470
180;3.9881153;-1.7740462;-1.7740462;1418119692489
181;4.0862465;-1.1265019;-1.1265019;1418119692509
182;2.569994;-1.4428009;-1.4428009;1418119692529
183;4.1201057;-0.8692467;-0.8692467;1418119692549
184;4.438011;-0.8909719;-0.8909719;1418119692568
185;4.936079;-0.42294836;-0.42294836;1418119692588
186;4.241007;-0.45525956;-0.45525956;1418119692608
187;3.1033726;-0.71704316;-0.71704316;1418119692628
188;2.5083933;-0.47217488;-0.47217488;1418119692647
189;2.2901802;-0.66396475;-0.66396475;1418119692667
190;3.2988367;-0.507159;-0.507159;1418119692688
191;3.3099337;-0.5281117;-0.5281117;1418119692708
192;1.6409626;-0.76809;-0.76809;1418119692728
193;0.99198437;-0.7302973;-0.7302973;1418119692746
194;1.6158171;-0.5095401;-0.5095401;1418119692767
195;2.1399508;-0.24954629;-0.24954629;1418119692795
196;1.8373518;-0.3442757;-0.3442757;1418119692805
197;1.4638996;-0.6476877;-0.6476877;1418119692826
198;1.8856869;-0.7337148;-0.7337148;1418119692845
199;1.8156672;-0.6605773;-0.6605773;1418119692865
200;2.5424385;-0.6280725;-0.6280725;1418119692885
201;3.4167032;-0.7438053;-0.7438053;1418119692905
202;3.65065;-0.6855153;-0.6855153;1418119692924
203;3.3069057;-0.8108205;-0.8108205;1418119692944
204;2.4594088;-1.0535507;-1.0535507;1418119692963
205;-0.03145981;-1.9166818;-1.9166818;1418119692984
206;-0.56376076;-1.4626752;-1.4626752;1418119693007
207;0.3010149;-1.2715147;-1.2715147;1418119693023
208;0.9664316;-1.3468232;-1.3468232;1418119693043
209;1.2628527;-1.4211555;-1.4211555;1418119693061
210;1.0627623;-1.8437582;-1.8437582;1418119693082
211;1.2254992;-1.7210727;-1.7210727;1418119693101
212;-0.43088818;-2.2984273;-2.2984273;1418119693121
213;-1.8132334;-1.9851232;-1.9851232;1418119693141
214;-1.5085783;-1.5392008;-1.5392008;1418119693161
215;-0.43065548;-1.1823883;-1.1823883;1418119693181
216;1.4373188;-0.9073839;-0.9073839;1418119693201
217;2.6634197;-1.1204872;-1.1204872;1418119693220
218;0.9087248;-2.0878425;-2.0878425;1418119693241
219;-1.2386079;-2.2956681;-2.2956681;1418119693259
220;-1.9418187;-2.2032104;-2.2032104;1418119693279
221;-2.1227574;-1.7009377;-1.7009377;1418119693299
222;-1.1920729;-1.2991991;-1.2991991;1418119693319
223;-0.28104258;-1.2050781;-1.2050781;1418119693338
224;0.3783641;-1.0325437;-1.0325437;1418119693358
225;-0.12550735;-1.2212358;-1.2212358;1418119693377
226;-0.8892832;-1.5714388;-1.5714388;1418119693397
227;-0.9787235;-1.4022732;-1.4022732;1418119693418
228;-1.1292434;-0.98163605;-0.98163605;1418119693437
229;-0.70426226;-1.2219152;-1.2219152;1418119693459
230;-0.46699262;-1.4817095;-1.4817095;1418119693476
231;-1.7667055;-0.8540907;-0.8540907;1418119693499
232;-0.066615105;-0.675272;-0.675272;1418119693516
233;-0.42614555;-0.10668945;-0.10668945;1418119693536
234;-1.1956694;-1.0324373;-1.0324373;1418119693555
235;-0.8019068;-1.2187271;-1.2187271;1418119693575
236;1.4246533;-0.9146509;-0.9146509;1418119693594
237;0.89840126;-0.22873116;-0.22873116;1418119693614
238;-2.3510196;-0.5719185;-0.5719185;1418119693634
239;-1.9351523;-0.41507626;-0.41507626;1418119693664
240;-0.47007656;-0.25778675;-0.25778675;1418119693683
241;-0.30586553;0.3284855;0.3284855;1418119693693
242;-0.90156853;0.14627361;0.14627361;1418119693712
243;-1.3496758;0.20126915;0.20126915;1418119693734
244;-1.7481079;0.030889511;0.030889511;1418119693753
245;-0.3404475;-0.31070995;-0.31070995;1418119693771
246;0.90375507;0.1345396;0.1345396;1418119693792
247;-1.1374578;-0.6885433;-0.6885433;1418119693811
248;-2.3351882;-0.5249367;-0.5249367;1418119693833
249;-1.6545961;-0.36734295;-0.36734295;1418119693851
250;-1.1648023;-0.27366734;-0.27366734;1418119693870
251;-0.7057989;0.019117355;0.019117355;1418119693891
252;-0.7117779;-0.0057935715;-0.0057935715;1418119693910
253;-1.436352;-0.1853981;-0.1853981;1418119693930
254;-1.2163839;-0.26266384;-0.26266384;1418119693950
255;-1.2415507;-0.28121853;-0.28121853;1418119693969
256;-1.2436451;-0.2078495;-0.2078495;1418119693990
257;-1.4601321;-0.3103075;-0.3103075;1418119694013
258;-2.1255183;-0.5029478;-0.5029478;1418119694028
259;-2.470584;-0.73557186;-0.73557186;1418119694050
260;-2.02082;-0.58217525;-0.58217525;1418119694069
261;-3.2218719;-0.8592291;-0.8592291;1418119694088
262;-4.252245;-1.381278;-1.381278;1418119694108
263;-3.8070874;-1.8534756;-1.8534756;1418119694128
264;-1.500705;-1.7373924;-1.7373924;1418119694147
265;-1.5905807;-1.376728;-1.376728;1418119694167
266;-2.796665;-1.6657505;-1.6657505;1418119694187
267;-2.5094903;-1.6690073;-1.6690073;1418119694207
268;-2.2490544;-1.7710886;-1.7710886;1418119694226
269;-1.4045093;-1.7924557;-1.7924557;1418119694246
270;-1.6896105;-2.0227747;-2.0227747;1418119694265
271;-1.634862;-2.6354008;-2.6354008;1418119694285
272;-1.0235381;-2.9247866;-2.9247866;1418119694305
273;0.28793097;-2.6381006;-2.6381006;1418119694325
274;0.3761258;-3.0525756;-3.0525756;1418119694344
275;0.79397535;-2.4125633;-2.4125633;1418119694363
276;-0.6085391;-2.6178613;-2.6178613;1418119694384
277;-0.8361597;-2.3522964;-2.3522964;1418119694404
278;0.29470634;-2.7648582;-2.7648582;1418119694424
279;1.9100361;-2.5557656;-2.5557656;1418119694443
280;2.3562002;-2.4416413;-2.4416413;1418119694463
281;1.7548246;-1.9225144;-1.9225144;1418119694482
282;1.6004372;-2.4239118;-2.4239118;1418119694502
283;3.3169289;-2.0138433;-2.0138433;1418119694522
284;2.6741495;-2.2570112;-2.2570112;1418119694543
285;2.6087685;-1.6815774;-1.6815774;1418119694564
286;4.2151365;-0.78205657;-0.78205657;1418119694585
287;4.442774;-0.6558876;-0.6558876;1418119694600
288;2.828786;-0.75056905;-0.75056905;1418119694620
289;0.8491869;-1.5317248;-1.5317248;1418119694640
290;2.445385;-1.1959984;-1.1959984;1418119694660
291;4.619705;-0.46436024;-0.46436024;1418119694679
292;4.521598;-0.36094725;-0.36094725;1418119694699
293;4.013707;-0.118082404;-0.118082404;1418119694719
294;2.7052517;-0.52808166;-0.52808166;1418119694739
295;1.5336027;-0.5567237;-0.5567237;1418119694759
296;2.6959648;-0.37693036;-0.37693036;1418119694778
297;1.9537516;-0.7179183;-0.7179183;1418119694799
298;2.7168922;-0.4430821;-0.4430821;1418119694818
299;3.3120737;-0.16363287;-0.16363287;1418119694838
300;2.4164343;-0.25190353;-0.25190353;1418119694857
301;2.097683;-0.141999;-0.141999;1418119694876
302;2.4658852;0.24175024;0.24175024;1418119694897
303;1.7080669;0.019886494;0.019886494;1418119694916
304;1.7837582;-0.39126682;-0.39126682;1418119694936
305;1.8893747;-0.44177723;-0.44177723;1418119694956
306;2.8931494;-0.5522727;-0.5522727;1418119694976
307;3.5909224;-0.3971635;-0.3971635;1418119694999
308;3.3444033;-0.673061;-0.673061;1418119695017
309;2.3486414;-1.089006;-1.089006;1418119695036
310;2.9291115;-1.1483108;-1.1483108;1418119695054
311;2.1375198;-1.3167306;-1.3167306;1418119695073
312;3.0084143;-1.8676686;-1.8676686;1418119695094
313;3.4163322;-1.702946;-1.702946;1418119695114
314;-0.53519917;-2.5435898;-2.5435898;1418119695135
315;-3.4144611;-2.006877;-2.006877;1418119695153
316;-1.3139725;-0.9446943;-0.9446943;1418119695173
317;4.116705;0.33005667;0.33005667;1418119695193
318;5.655319;-0.41190004;-0.41190004;1418119695212
319;3.1276684;-2.1790938;-2.1790938;1418119695232
320;-0.5091877;-3.1352754;-3.1352754;1418119695255
321;-1.4717846;-3.0152192;-3.0152192;1418119695271
322;-0.63058233;-2.1909442;-2.1909442;1418119695291
323;-0.1142993;-1.9935536;-1.9935536;1418119695311
324;-2.2260213;-2.4565673;-2.4565673;1418119695331
325;-3.3698401;-2.468019;-2.468019;1418119695355
326;-2.4106798;-2.13937;-2.13937;1418119695383
327;-1.095509;-1.5214639;-1.5214639;1418119695391
328;-0.27450037;-1.6323996;-1.6323996;1418119695410
329;-0.5367179;-1.6560755;-1.6560755;1418119695429
330;0.04344654;-1.1735373;-1.1735373;1418119695448
331;0.3199401;-1.4256315;-1.4256315;1418119695468
332;1.4705422;-1.2730722;-1.2730722;1418119695488
333;1.277667;-1.6295586;-1.6295586;1418119695508
334;-0.7351904;-1.4307432;-1.4307432;1418119695527
335;-3.4162805;-1.1937695;-1.1937695;1418119695547
336;-2.465889;-0.5667801;-0.5667801;1418119695567
337;-1.195576;-0.28482342;-0.28482342;1418119695587
338;0.94796324;-0.22182465;-0.22182465;1418119695606
339;1.8336627;-0.17036152;-0.17036152;1418119695626
340;1.0173632;-0.026322365;-0.026322365;1418119695646
341;0.33872217;0.4356556;0.4356556;1418119695665
342;-0.20277701;-0.3992529;-0.3992529;1418119695685
343;0.19297431;-1.147562;-1.147562;1418119695705
344;-0.33393663;-1.4142447;-1.4142447;1418119695724
345;-1.7789781;-1.3672962;-1.3672962;1418119695744
346;-3.0797725;-1.4397402;-1.4397402;1418119695764
347;-3.3573298;-1.5213919;-1.5213919;1418119695784
348;-2.9996822;-1.4690037;-1.4690037;1418119695804
349;-3.1730602;-1.1811037;-1.1811037;1418119695824
350;-2.5675378;-1.0346107;-1.0346107;1418119695843
351;-2.7758904;-0.87311745;-0.87311745;1418119695863
352;-2.501689;-0.72489834;-0.72489834;1418119695881
353;-1.8218788;-0.719738;-0.719738;1418119695902
354;-2.4032068;-0.7730112;-0.7730112;1418119695922
355;-3.1020217;-0.7847109;-0.7847109;1418119695942
356;-2.9629762;-0.64089394;-0.64089394;1418119695961
357;-2.0085187;-0.7998066;-0.7998066;1418119695981
358;-2.849595;-1.1575632;-1.1575632;1418119696061
359;-2.7940044;-1.0148811;-1.0148811;1418119696061
360;-2.2293506;-0.96471214;-0.96471214;1418119696061
361;-1.9850023;-0.88311577;-0.88311577;1418119696061
362;-2.9648712;-1.0441389;-1.0441389;1418119696079
363;-2.2778497;-0.7823448;-0.7823448;1418119696099
364;-1.7736015;-0.74117565;-0.74117565;1418119696119
365;-2.4679961;-0.9251213;-0.9251213;1418119696139
366;-0.10523832;-0.7846527;-0.7846527;1418119696158
367;0.21929955;-0.97226524;-0.97226524;1418119696178
368;-2.1257443;-1.7641449;-1.7641449;1418119696198
369;-3.568381;-2.3913708;-2.3913708;1418119696218
370;-2.1459703;-2.5450382;-2.5450382;1418119696237
371;-0.887079;-2.4662323;-2.4662323;1418119696259
372;-0.19465637;-2.2715206;-2.2715206;1418119696277
373;-0.49375725;-2.6850843;-2.6850843;1418119696297
374;-0.35524607;-3.3240404;-3.3240404;1418119696316
375;-0.9684839;-3.597342;-3.597342;1418119696336
376;-1.4279022;-3.6041274;-3.6041274;1418119696356
377;0.5262122;-3.4479556;-3.4479556;1418119696376
378;2.120452;-3.1826038;-3.1826038;1418119696395
379;2.0960789;-2.688654;-2.688654;1418119696415
380;-0.115029335;-2.7125807;-2.7125807;1418119696434
381;-0.8755665;-2.9154568;-2.9154568;1418119696455
382;0.9575386;-2.727994;-2.727994;1418119696474
383;2.1632128;-2.6543975;-2.6543975;1418119696494
384;1.6640692;-2.3477464;-2.3477464;1418119696514
385;2.8969135;-1.46228;-1.46228;1418119696533
386;3.3500566;-1.0905274;-1.0905274;1418119696554
387;3.0742931;-1.3351879;-1.3351879;1418119696573
388;1.3315897;-1.8612452;-1.8612452;1418119696593
389;4.212043;-0.71276975;-0.71276975;1418119696613
390;3.9359217;-0.7058644;-0.7058644;1418119696632
391;3.9106226;-0.7287698;-0.7287698;1418119696652
392;5.0157337;-0.29182363;-0.29182363;1418119696672
393;4.5277805;-0.37731254;-0.37731254;1418119696691
394;3.220316;-0.74097383;-0.74097383;1418119696711
395;1.8003893;-0.9245033;-0.9245033;1418119696731
396;2.302249;-0.60358715;-0.60358715;1418119696750
397;2.9682722;-0.30009937;-0.30009937;1418119696770
398;2.5775614;-0.34361577;-0.34361577;1418119696789
399;2.7559175;-0.3897972;-0.3897972;1418119696810
400;2.666686;-0.3101778;-0.3101778;1418119696829
401;1.991231;-0.37139726;-0.37139726;1418119696849
402;2.1164389;-0.34481573;-0.34481573;1418119696869
403;2.028182;-0.37272024;-0.37272024;1418119696888
404;1.882122;-0.24285913;-0.24285913;1418119696908
405;2.3710165;-0.3399601;-0.3399601;1418119696928
406;2.6137094;-0.4529624;-0.4529624;1418119696948
407;1.4117136;-0.9653032;-0.9653032;1418119696967
408;0.9285259;-1.0174844;-1.0174844;1418119696987
409;1.7773504;-0.8021532;-0.8021532;1418119697011
410;2.750287;-0.39059013;-0.39059013;1418119697027
411;2.9417362;-0.6516319;-0.6516319;1418119697046
412;1.2623463;-1.5820918;-1.5820918;1418119697066
413;-1.1185331;-1.8424444;-1.8424444;1418119697085
414;-1.2114153;-1.4625539;-1.4625539;1418119697106
415;0.7815275;-0.9570335;-0.9570335;1418119697126
416;3.4594412;-0.3849578;-0.3849578;1418119697145
417;3.0551338;-0.8583313;-0.8583313;1418119697165
418;0.379344;-1.4661353;-1.4661353;1418119697185
419;-1.6853962;-1.8485565;-1.8485565;1418119697205
420;-1.7703171;-1.3962631;-1.3962631;1418119697224
421;0.59622383;-0.72596765;-0.72596765;1418119697245
422;2.4428282;-0.6708422;-0.6708422;1418119697263
423;2.1194944;-1.1691942;-1.1691942;1418119697283
424;2.3482866;-1.5844808;-1.5844808;1418119697303
425;-0.71616364;-2.1523633;-2.1523633;1418119697323
426;-1.703866;-1.8390341;-1.8390341;1418119697345
427;-0.54943323;-1.4298882;-1.4298882;1418119697368
428;-0.30862856;-1.3091602;-1.3091602;1418119697382
429;-1.1408772;-1.5674906;-1.5674906;1418119697402
430;-2.3121538;-1.711307;-1.711307;1418119697422
431;-3.7821078;-1.2401667;-1.2401667;1418119697441
432;-2.3013806;-0.6311536;-0.6311536;1418119697461
433;0.3755808;-1.2905722;-1.2905722;1418119697480
434;2.0773253;-1.8199797;-1.8199797;1418119697499
435;0.94221354;-1.1681061;-1.1681061;1418119697520
436;0.6793976;-1.0563354;-1.0563354;1418119697539
437;0.72161627;-1.4220123;-1.4220123;1418119697560
438;-0.15416455;-1.6972752;-1.6972752;1418119697579
439;-1.0693526;-1.2968998;-1.2968998;1418119697599
440;-0.85676813;-1.4189701;-1.4189701;1418119697618
441;-0.062340975;-1.4432011;-1.4432011;1418119697639
442;-1.321568;-1.1012068;-1.1012068;1418119697659
443;-1.2651346;-0.61485195;-0.61485195;1418119697678
444;-1.4522737;-0.48037338;-0.48037338;1418119697699
445;-1.1770806;-0.421422;-0.421422;1418119697717
446;-2.526303;-0.5444193;-0.5444193;1418119697737
447;-1.43913;-0.43089962;-0.43089962;1418119697757
448;-1.3863769;-0.527441;-0.527441;1418119697777
449;-0.6873479;-0.16968441;-0.16968441;1418119697795
450;-0.4429178;0.22381306;0.22381306;1418119697816
451;-1.3467938;0.23669243;0.23669243;1418119697836
452;-1.3199892;-0.42013168;-0.42013168;1418119697856
453;-1.065273;0.07821846;0.07821846;1418119697876
454;-1.0608602;0.18466663;0.18466663;1418119697895
455;-1.2362871;-0.011219978;-0.011219978;1418119697915
456;-1.3506174;-0.003206253;-0.003206253;1418119697934
457;-0.7937923;-0.22501469;-0.22501469;1418119697954
458;-1.3272533;-0.22967243;-0.22967243;1418119697974
459;-2.232974;-0.3215723;-0.3215723;1418119697998
460;-2.133563;-0.46233177;-0.46233177;1418119698013
461;-2.0072958;-0.33923817;-0.33923817;1418119698034
462;-3.2658923;-0.5914154;-0.5914154;1418119698053
463;-4.677802;-1.1636648;-1.1636648;1418119698074
464;-4.91275;-1.552352;-1.552352;1418119698094
465;-3.6886318;-2.1242142;-2.1242142;1418119698112
466;-2.973709;-2.0834694;-2.0834694;1418119698131
467;-3.249;-1.7205;-1.7205;1418119698151
468;-3.995471;-1.7431822;-1.7431822;1418119698171
469;-4.3781805;-1.9967451;-1.9967451;1418119698190
470;-3.3505719;-2.2503195;-2.2503195;1418119698210
471;-2.1031737;-2.4349422;-2.4349422;1418119698230
472;-1.6833298;-2.7418098;-2.7418098;1418119698249
473;-0.8206377;-2.3326607;-2.3326607;1418119698270
474;0.4308858;-1.9383373;-1.9383373;1418119698289
475;0.8057337;-2.4565525;-2.4565525;1418119698309
476;0.42741203;-2.5324092;-2.5324092;1418119698328
477;0.29120588;-3.1266894;-3.1266894;1418119698348
478;5.736351E-4;-2.7830653;-2.7830653;1418119698368
479;0.43117046;-2.6906996;-2.6906996;1418119698387
480;1.4131126;-2.2389927;-2.2389927;1418119698407
481;1.549921;-2.7921376;-2.7921376;1418119698427
482;0.52278423;-3.072772;-3.072772;1418119698446
483;-0.2541685;-2.624288;-2.624288;1418119698466
484;1.2151108;-1.9982686;-1.9982686;1418119698489
485;1.7058954;-1.7358313;-1.7358313;1418119698505
486;1.0825787;-2.0550745;-2.0550745;1418119698526
487;1.1518717;-2.1144626;-2.1144626;1418119698546
488;2.272584;-1.1246738;-1.1246738;1418119698566
489;3.3024101;-1.4349917;-1.4349917;1418119698585
490;3.8317423;-0.38283917;-0.38283917;1418119698605
491;4.7605143;-0.1584443;-0.1584443;1418119698625
492;3.6505785;-0.40908554;-0.40908554;1418119698645
493;1.8020229;-0.62354404;-0.62354404;1418119698665
494;2.2037735;-0.4427758;-0.4427758;1418119698685
495;2.7355309;-0.5879179;-0.5879179;1418119698709
496;2.3566666;-1.0017068;-1.0017068;1418119698723
497;1.838687;-0.8797295;-0.8797295;1418119698743
498;2.0936804;-0.6294644;-0.6294644;1418119698763
499;2.7280607;-0.59210944;-0.59210944;1418119698783
500;2.8554745;-0.49898267;-0.49898267;1418119698802
501;3.344904;-0.26065087;-0.26065087;1418119698822
502;3.4155998;0.013374925;0.013374925;1418119698841
503;3.630416;0.009436607;0.009436607;1418119698861
504;3.270812;0.13158154;0.13158154;1418119698881
505;2.354702;-0.04356599;-0.04356599;1418119698901
506;2.707553;0.030913591;0.030913591;1418119698921
507;2.6860542;-0.2517203;-0.2517203;1418119698940
508;2.718462;-0.4783206;-0.4783206;1418119698960
509;3.039607;-0.7615174;-0.7615174;1418119698980
510;2.068656;-0.9153083;-0.9153083;1418119699004
511;1.1865873;-0.989465;-0.989465;1418119699019
512;1.5195322;-0.75613534;-0.75613534;1418119699039
513;1.9243765;-0.8888636;-0.8888636;1418119699061
514;1.7798233;-1.0847385;-1.0847385;1418119699080
515;1.021677;-1.3386996;-1.3386996;1418119699099
516;-1.6307297;-1.821313;-1.821313;1418119699119
517;-2.9653807;-1.6041995;-1.6041995;1418119699138
518;-0.9119911;-0.65046024;-0.65046024;1418119699157
519;1.2501745;-0.43581152;-0.43581152;1418119699177
520;1.6197872;-0.7778115;-0.7778115;1418119699197
521;1.8025274;-1.1075909;-1.1075909;1418119699216
522;0.9165268;-1.3069396;-1.3069396;1418119699236
523;-0.4896927;-1.3516948;-1.3516948;1418119699255
524;-0.22130203;-0.9873276;-0.9873276;1418119699275
525;0.44362926;-0.92022324;-0.92022324;1418119699295
526;1.7990704;-1.1270776;-1.1270776;1418119699314
527;2.4854488;-1.42701;-1.42701;1418119699334
528;2.081985;-1.6909895;-1.6909895;1418119699354
529;0.2829833;-2.5795155;-2.5795155;1418119699374
530;-2.5922432;-2.4580913;-2.4580913;1418119699393
531;-3.4891143;-1.9716511;-1.9716511;1418119699413
532;-2.4119534;-1.7750893;-1.7750893;1418119699433
533;-1.0487518;-1.7222195;-1.7222195;1418119699452
534;-0.7977476;-1.357482;-1.357482;1418119699473
535;-0.34596348;-1.4281254;-1.4281254;1418119699492
536;-1.1451535;-0.8434963;-0.8434963;1418119699511
537;-0.009178638;-1.1667233;-1.1667233;1418119699532
538;-0.1567235;-1.3336525;-1.3336525;1418119699552
539;0.45320034;-1.9584866;-1.9584866;1418119699572
540;-0.8253808;-1.6597881;-1.6597881;1418119699591
541;-2.118258;-1.2974577;-1.2974577;1418119699611
542;-2.6072195;-0.7474623;-0.7474623;1418119699636
543;-0.75303435;-0.5723009;-0.5723009;1418119699651
544;0.35488987;0.31141567;0.31141567;1418119699671
545;-1.5904723;-0.053204536;-0.053204536;1418119699692
546;-1.5292429;-0.2029934;-0.2029934;1418119699712
547;-1.8204029;0.20503807;0.20503807;1418119699729
548;-0.17355561;0.5473232;0.5473232;1418119699749
549;-0.10678935;0.30394077;0.30394077;1418119699769
550;-1.1787549;0.07102394;0.07102394;1418119699789
551;-1.6582075;0.1271429;0.1271429;1418119699809
552;-1.4106153;0.025989532;0.025989532;1418119699830
553;-1.3499202;-0.009208679;-0.009208679;1418119699847
554;-0.8682847;-0.54375553;-0.54375553;1418119699868
555;-1.0591767;-0.26032543;-0.26032543;1418119699888
556;-1.443478;-0.2637577;-0.2637577;1418119699906
557;-1.86608;-0.5708456;-0.5708456;1418119699927
558;-2.8320649;-0.9406414;-0.9406414;1418119699946
559;-3.2207477;-1.1996498;-1.1996498;1418119699966
560;-3.2646575;-0.97628975;-0.97628975;1418119699986
561;-3.6835463;-1.4151802;-1.4151802;1418119700011
562;-4.2627444;-1.5804911;-1.5804911;1418119700025
563;-4.077771;-1.2952156;-1.2952156;1418119700046
564;-4.9854217;-1.504632;-1.504632;1418119700067
565;-6.0533237;-1.8228807;-1.8228807;1418119700085
566;-5.832844;-1.9674082;-1.9674082;1418119700105
567;-4.4934406;-1.8388567;-1.8388567;1418119700128
568;-3.4014132;-2.588481;-2.588481;1418119700143
569;-2.7540255;-3.0501823;-3.0501823;1418119700163
570;-2.5860865;-3.0686703;-3.0686703;1418119700183
571;-1.6855941;-2.869853;-2.869853;1418119700204
572;-1.4209595;-3.258398;-3.258398;1418119700223
573;-0.17932796;-3.565157;-3.565157;1418119700242
574;2.2427578;-3.5665083;-3.5665083;1418119700261
575;2.9806528;-3.0896864;-3.0896864;1418119700283
576;2.684753;-3.0793543;-3.0793543;1418119700302
577;0.47424603;-2.9991817;-2.9991817;1418119700324
578;-0.12101221;-2.9403348;-2.9403348;1418119700341
579;-0.49742222;-3.4350266;-3.4350266;1418119700360
580;1.4588957;-3.2704473;-3.2704473;1418119700380
581;3.422824;-2.749411;-2.749411;1418119700400
582;3.1028728;-2.6879885;-2.6879885;1418119700422
583;2.978509;-1.9062011;-1.9062011;1418119700440
584;1.5635691;-1.8020084;-1.8020084;1418119700461
585;2.277523;-1.6822222;-1.6822222;1418119700479
586;3.3689718;-0.9825623;-0.9825623;1418119700499
587;3.5378914;-0.6918815;-0.6918815;1418119700518
588;2.6829557;-0.8490617;-0.8490617;1418119700538
589;1.9202728;-0.6433979;-0.6433979;1418119700558
590;1.5959005;-0.58705044;-0.58705044;1418119700578
591;3.634656;-0.59425044;-0.59425044;1418119700597
592;3.2259254;-0.53686905;-0.53686905;1418119700624
593;3.297433;-0.49844754;-0.49844754;1418119700636
594;3.5215588;-0.4445107;-0.4445107;1418119700656
595;3.1044025;-0.6726539;-0.6726539;1418119700676
596;2.7467632;-0.5557158;-0.5557158;1418119700695
597;3.0895748;-0.4266019;-0.4266019;1418119700715
598;3.398902;-0.39997697;-0.39997697;1418119700735
599;3.086956;-0.52430105;-0.52430105;1418119700755
600;3.2396927;-0.59661746;-0.59661746;1418119700774
601;2.6330566;-0.41583395;-0.41583395;1418119700794
602;2.7054987;-0.46651745;-0.46651745;1418119700813
603;2.7221441;-0.45901573;-0.45901573;1418119700833
604;2.8453627;-0.6155288;-0.6155288;1418119700853
605;3.440652;-0.61703646;-0.61703646;1418119700873
606;4.1778517;-1.0010096;-1.0010096;1418119700893
607;3.1627798;-1.5302131;-1.5302131;1418119700912
608;2.4623947;-1.3402823;-1.3402823;1418119700932
609;0.28228474;-1.704381;-1.704381;1418119700951
610;-0.5031624;-1.5213257;-1.5213257;1418119700971
611;0.3834381;-1.9579693;-1.9579693;1418119700991
612;1.301959;-1.6398185;-1.6398185;1418119701015
613;1.7747135;-1.2504356;-1.2504356;1418119701031
614;-0.2239399;-1.386451;-1.386451;1418119701050
615;-1.2150803;-1.1992986;-1.1992986;1418119701070
616;-0.69004345;-1.5612471;-1.5612471;1418119701090
617;1.1036053;-1.9049993;-1.9049993;1418119701110
618;3.3131437;-1.6922898;-1.6922898;1418119701129
619;3.2766829;-2.1136045;-2.1136045;1418119701150
620;0.3141713;-2.7168236;-2.7168236;1418119701174
621;-1.8325372;-2.742354;-2.742354;1418119701188
622;-1.2538862;-2.6354275;-2.6354275;1418119701209
623;-0.33998156;-2.5608282;-2.5608282;1418119701228
624;0.10475159;-2.1917076;-2.1917076;1418119701248
625;-1.173284;-2.1111054;-2.1111054;1418119701267
626;-2.1501503;-2.1588793;-2.1588793;1418119701287
627;-2.6305718;-1.8690577;-1.8690577;1418119701307
628;-1.4484224;-1.5466528;-1.5466528;1418119701327
629;-0.5157578;-1.4246292;-1.4246292;1418119701347
630;-0.7831249;-1.1176214;-1.1176214;1418119701367
631;-2.0049026;-0.97864914;-0.97864914;1418119701387
632;-2.7511923;-1.4064665;-1.4064665;1418119701405
633;-2.0377686;-1.621913;-1.621913;1418119701425
634;-1.1218681;-1.7484865;-1.7484865;1418119701446
635;-2.6499;-1.3728161;-1.3728161;1418119701466
636;-2.8278883;-0.9959583;-0.9959583;1418119701485
637;-1.5708627;-0.6824608;-0.6824608;1418119701504
638;-1.4188302;-0.5731039;-0.5731039;1418119701523
639;-1.3672113;-0.22189617;-0.22189617;1418119701544
640;-1.8607951;0.015583992;0.015583992;1418119701564
641;-0.7772558;0.172369;0.172369;1418119701583
642;0.6464773;-0.035565376;-0.035565376;1418119701603
643;0.16705269;0.40397358;0.40397358;1418119701623
644;0.1506027;0.09999466;0.09999466;1418119701642
645;-0.65466726;0.041905403;0.041905403;1418119701662
646;-1.1483266;0.17398548;0.17398548;1418119701682
647;-0.62429345;0.15730286;0.15730286;1418119701702
648;-0.1954244;0.18010998;0.18010998;1418119701725
649;-1.3806666;0.067178726;0.067178726;1418119701741
650;-1.4434414;0.021186829;0.021186829;1418119701761
651;-1.8265657;-0.11671448;-0.11671448;1418119701781
652;-1.631393;-0.42408085;-0.42408085;1418119701801
653;-2.0044222;-0.4663725;-0.4663725;1418119701820
654;-2.2247205;-0.48204517;-0.48204517;1418119701840
655;-2.527669;-0.6772318;-0.6772318;1418119701859
656;-2.703925;-1.1528568;-1.1528568;1418119701879
657;-2.7862816;-1.2759771;-1.2759771;1418119701899
658;-2.8291576;-1.1539192;-1.1539192;1418119701919
659;-4.051322;-1.2134247;-1.2134247;1418119701939
660;-3.9038672;-1.2955399;-1.2955399;1418119701958
661;-3.2525556;-1.3266773;-1.3266773;1418119701980
662;-3.1259513;-1.4161091;-1.4161091;1418119702003
663;-2.5780258;-1.4940481;-1.4940481;1418119702017
664;-2.380693;-1.28232;-1.28232;1418119702038
665;-2.374751;-1.3232155;-1.3232155;1418119702059
666;-1.5929015;-1.4007177;-1.4007177;1418119702077
667;0.15938449;-1.4701529;-1.4701529;1418119702096
668;-0.7198396;-2.489399;-2.489399;1418119702116
669;-1.981101;-2.348668;-2.348668;1418119702138
670;-1.9346004;-2.8957424;-2.8957424;1418119702155
671;-2.0134606;-3.0038176;-3.0038176;1418119702175
672;-0.6368165;-2.8085046;-2.8085046;1418119702194
673;0.5656271;-3.0436382;-3.0436382;1418119702215
674;0.40311956;-3.671379;-3.671379;1418119702242
675;-0.9775882;-3.7092123;-3.7092123;1418119702254
676;-1.1784897;-3.759984;-3.759984;1418119702273
677;-0.5635948;-3.460937;-3.460937;1418119702294
678;2.017312;-2.7830296;-2.7830296;1418119702313
679;2.3247032;-2.55522;-2.55522;1418119702332
680;2.602849;-2.112459;-2.112459;1418119702353
681;1.9374466;-2.111692;-2.111692;1418119702373
682;2.713129;-1.607513;-1.607513;1418119702395
683;4.4141808;-0.78542364;-0.78542364;1418119702415
684;4.485466;-0.74817026;-0.74817026;1418119702431
685;3.5898352;-1.0012369;-1.0012369;1418119702451
686;2.3667507;-0.9393569;-0.9393569;1418119702472
687;2.5923347;-0.718947;-0.718947;1418119702491
688;3.564827;-0.5831158;-0.5831158;1418119702511
689;2.7815638;-0.87039745;-0.87039745;1418119702529
690;2.840127;-0.5795764;-0.5795764;1418119702550
691;2.95549;-0.4919709;-0.4919709;1418119702570
692;2.2639618;-0.5095645;-0.5095645;1418119702589
693;2.0081034;-0.8028227;-0.8028227;1418119702609
694;2.6842594;-0.57579744;-0.57579744;1418119702628
695;2.9219942;-0.27138758;-0.27138758;1418119702648
696;4.114929;0.09405947;0.09405947;1418119702668
697;4.3143797;0.13022137;0.13022137;1418119702688
698;3.7255468;-0.13134503;-0.13134503;1418119702708
699;2.6649504;-0.50763464;-0.50763464;1418119702728
700;1.8412457;-0.8561542;-0.8561542;1418119702747
701;1.8686104;-0.9489105;-0.9489105;1418119702767
702;2.129774;-0.85837364;-0.85837364;1418119702787
703;1.8727865;-1.0350442;-1.0350442;1418119702807
704;1.0174322;-1.1061885;-1.1061885;1418119702826
705;0.49603558;-0.95593786;-0.95593786;1418119702845
706;0.6600628;-0.9112233;-0.9112233;1418119702865
707;0.77362347;-0.64603883;-0.64603883;1418119702885
708;2.2310495;-0.6123638;-0.6123638;1418119702905
709;1.443264;-1.0163532;-1.0163532;1418119702925
710;0.75509834;-0.9352951;-0.9352951;1418119702944
711;0.5205231;-0.98931813;-0.98931813;1418119702964
712;1.4447994;-1.1387329;-1.1387329;1418119702983
713;1.7439337;-1.7051339;-1.7051339;1418119703008
714;0.6504154;-1.738951;-1.738951;1418119703023
715;0.5643816;-1.4477239;-1.4477239;1418119703043
716;0.81807613;-1.3553467;-1.3553467;1418119703062
717;0.8056059;-1.621367;-1.621367;1418119703082
718;0.59270144;-1.8535857;-1.8535857;1418119703102
719;0.1716342;-1.9362993;-1.9362993;1418119703122
720;-0.95225716;-2.045189;-2.045189;1418119703142
721;-1.5213504;-1.7854486;-1.7854486;1418119703161
722;-1.4742684;-1.9443698;-1.9443698;1418119703183
723;-2.0158038;-1.9299583;-1.9299583;1418119703200
724;-2.7172666;-2.2884598;-2.2884598;1418119703220
725;-1.2970347;-2.0321283;-2.0321283;1418119703240
726;0.32119894;-1.4875422;-1.4875422;1418119703260
727;0.24020433;-1.3101196;-1.3101196;1418119703279
728;-0.20675349;-1.0681419;-1.0681419;1418119703299
729;-0.12202072;-0.81987476;-0.81987476;1418119703319
730;-0.33274388;-1.3355789;-1.3355789;1418119703338
731;-0.48836493;-1.0001631;-1.0001631;1418119703359
732;-2.5383196;-0.88993835;-0.88993835;1418119703378
733;-2.8882396;-0.7655573;-0.7655573;1418119703400
734;-1.478456;-0.45132065;-0.45132065;1418119703417
735;0.06952572;-0.42861557;-0.42861557;1418119703436
736;-0.9892472;-0.801734;-0.801734;1418119703457
737;-2.782215;-0.8287697;-0.8287697;1418119703477
738;-2.955328;-0.42321396;-0.42321396;1418119703496
739;-2.0503058;-0.4169855;-0.4169855;1418119703516
740;-0.85838974;-0.33267403;-0.33267403;1418119703535
741;-0.97608113;-0.797946;-0.797946;1418119703556
742;-0.42386264;-1.8422213;-1.8422213;1418119703576
743;-0.9190442;-0.7454481;-0.7454481;1418119703595
744;-1.4654334;-0.7790184;-0.7790184;1418119703619
745;-2.2679346;-0.6596117;-0.6596117;1418119703634
746;-1.61516;-0.46121597;-0.46121597;1418119703655
747;-0.99737006;0.0709486;0.0709486;1418119703674
748;-0.96942914;-0.14298725;-0.14298725;1418119703694
749;0.27958584;0.13617325;0.13617325;1418119703714
750;0.69534326;0.47718906;0.47718906;1418119703739
751;0.39727008;0.15137291;0.15137291;1418119703755
752;-0.2587061;0.5520296;0.5520296;1418119703773
753;-0.8802233;0.3736763;0.3736763;1418119703792
754;-1.8068557;0.09792805;0.09792805;1418119703812
755;-2.0411282;-0.08678436;-0.08678436;1418119703832
756;-2.9118793;-0.3968954;-0.3968954;1418119703852
757;-3.7885556;-1.0053387;-1.0053387;1418119703871
758;-4.3411465;-1.2234545;-1.2234545;1418119703891
759;-4.3504887;-1.4820032;-1.4820032;1418119703911
760;-3.15588;-1.7954378;-1.7954378;1418119703930
761;-3.5668004;-1.934515;-1.934515;1418119703950
762;-4.6946898;-2.345214;-2.345214;1418119703969
763;-5.189703;-2.900981;-2.900981;1418119703990
764;-3.6501405;-2.942874;-2.942874;1418119704014
765;-2.1272707;-2.9468803;-2.9468803;1418119704029
766;-1.6766648;-3.0232925;-3.0232925;1418119704049
767;-0.3871956;-2.7641363;-2.7641363;1418119704069
768;-0.32994938;-2.6753254;-2.6753254;1418119704089
769;-0.3306923;-2.4950218;-2.4950218;1418119704108
770;0.3071046;-2.3482904;-2.3482904;1418119704128
771;-0.74379826;-2.4674172;-2.4674172;1418119704148
772;-0.6060724;-2.7398663;-2.7398663;1418119704179
773;1.0742393;-2.594829;-2.594829;1418119704188
774;2.2876787;-2.4976764;-2.4976764;1418119704206
775;2.478692;-2.407061;-2.407061;1418119704226
776;0.4987545;-2.4815512;-2.4815512;1418119704245
777;1.279213;-2.3240209;-2.3240209;1418119704267
778;3.2527409;-1.598866;-1.598866;1418119704285
779;1.8768826;-1.5679815;-1.5679815;1418119704304
780;1.7024231;-1.9588387;-1.9588387;1418119704324
781;2.432969;-1.8912234;-1.8912234;1418119704344
782;4.062503;-1.2717968;-1.2717968;1418119704364
783;4.619623;-0.6533816;-0.6533816;1418119704384
784;3.931592;-0.84607315;-0.84607315;1418119704403
785;3.708252;-0.7630576;-0.7630576;1418119704423
786;3.2839556;-0.68503433;-0.68503433;1418119704442
787;3.0016508;-0.4363494;-0.4363494;1418119704463
788;3.8151512;-0.31942475;-0.31942475;1418119704483
789;3.766695;-0.19175053;-0.19175053;1418119704502
790;2.802493;-0.28548265;-0.28548265;1418119704523
791;2.341508;-0.28639632;-0.28639632;1418119704541
792;2.1488438;-0.53735626;-0.53735626;1418119704561
793;2.6218348;-0.31706595;-0.31706595;1418119704581
794;3.0311441;-0.09882653;-0.09882653;1418119704601
795;2.2640162;-0.11861122;-0.11861122;1418119704620
796;1.56952;-0.14566475;-0.14566475;1418119704643
797;1.6940575;-0.14643317;-0.14643317;1418119704660
798;1.9074345;-0.21152568;-0.21152568;1418119704680
799;3.0074348;-0.051012248;-0.051012248;1418119704699
800;2.3557415;-0.52492034;-0.52492034;1418119704720
801;0.74882317;-0.8270079;-0.8270079;1418119704740
802;1.5205956;-0.7006338;-0.7006338;1418119704758
803;3.4445076;-0.34645075;-0.34645075;1418119704778
804;4.910413;-0.43486005;-0.43486005;1418119704798
805;5.086316;-0.9743918;-0.9743918;1418119704818
806;2.6341867;-1.5254725;-1.5254725;1418119704838
807;0.15963554;-2.0882409;-2.0882409;1418119704861
808;-0.17851067;-1.6361682;-1.6361682;1418119704880
809;0.79564285;-1.7900195;-1.7900195;1418119704898
810;1.5539017;-1.7741463;-1.7741463;1418119704917
811;-0.065963745;-2.0218306;-2.0218306;1418119704936
812;-0.9722738;-1.7167716;-1.7167716;1418119704956
813;-2.2509527;-1.571548;-1.571548;1418119704975
814;-1.9353552;-1.4331298;-1.4331298;1418119705000
815;-0.030116558;-1.3018417;-1.3018417;1418119705015
816;2.8004584;-0.9092922;-0.9092922;1418119705036
817;2.496242;-1.2035613;-1.2035613;1418119705055
818;1.1114793;-1.7616539;-1.7616539;1418119705078
819;-1.2847576;-2.1614223;-2.1614223;1418119705098
820;-2.6411543;-2.004426;-2.004426;1418119705114
821;-2.105671;-2.0676308;-2.0676308;1418119705133
822;-1.6523061;-2.0923529;-2.0923529;1418119705152
823;-1.776711;-2.0630922;-2.0630922;1418119705173
824;-2.0726423;-1.6914883;-1.6914883;1418119705192
825;-0.662797;-0.9656496;-0.9656496;1418119705212
826;-0.41529799;-0.7729578;-0.7729578;1418119705232
827;-0.25539446;-0.8830719;-0.8830719;1418119705252
828;-0.14566445;-1.1416645;-1.1416645;1418119705271
829;-1.3837829;-1.4699259;-1.4699259;1418119705291
830;-1.0919919;-1.1833925;-1.1833925;1418119705310
831;-0.50427437;-0.66297436;-0.66297436;1418119705330
832;-1.7051216;-0.5536995;-0.5536995;1418119705349
833;-1.0394917;-1.1617069;-1.1617069;1418119705370
834;-1.2282369;-0.7376995;-0.7376995;1418119705390
835;-1.4294631;-0.5296278;-0.5296278;1418119705409
836;-2.3536563;-0.1330185;-0.1330185;1418119705428
837;-1.8406006;-0.25100708;-0.25100708;1418119705448
838;-1.220724;-0.15159321;-0.15159321;1418119705468
839;-0.8383975;0.093969345;0.093969345;1418119705488
840;-1.7702005;-0.14644241;-0.14644241;1418119705508
841;-1.5568111;-0.22658443;-0.22658443;1418119705529
842;-0.5574554;-0.31553364;-0.31553364;1418119705547
843;-0.8305268;-0.3306656;-0.3306656;1418119705567
844;-1.3631837;-0.40944386;-0.40944386;1418119705587
845;-1.6139568;-0.34152603;-0.34152603;1418119705607
846;-1.4890257;-0.35138702;-0.35138702;1418119705626
847;-1.7485077;-0.46898556;-0.46898556;1418119705647
848;-1.6735882;-0.5973997;-0.5973997;1418119705665
849;-2.027197;-0.60693264;-0.60693264;1418119705685
850;-2.2949553;-0.7183752;-0.7183752;1418119705705
851;-2.087083;-0.51700115;-0.51700115;1418119705726
852;-2.3367376;-0.50434685;-0.50434685;1418119705746
853;-2.6837478;-0.62282753;-0.62282753;1418119705765
854;-3.8811061;-1.1688852;-1.1688852;1418119705783
855;-4.8260326;-1.8995047;-1.8995047;1418119705804
856;-4.710119;-2.223916;-2.223916;1418119705823
857;-3.1742764;-2.1724186;-2.1724186;1418119705843
858;-2.1718693;-2.0223465;-2.0223465;1418119705863
859;-2.2412622;-2.0850286;-2.0850286;1418119705882
860;-2.252466;-2.4133892;-2.4133892;1418119705902
861;-2.548719;-2.3223114;-2.3223114;1418119705922
862;-2.1668403;-2.573144;-2.573144;1418119705942
863;-1.8235493;-2.4737406;-2.4737406;1418119705961
864;-0.38037205;-2.2741117;-2.2741117;1418119705980
865;0.72849417;-1.8153954;-1.8153954;1418119706005
866;1.075717;-1.1312256;-1.1312256;1418119706020
867;1.4857883;-0.904315;-0.904315;1418119706040
868;0.64712715;-1.1770363;-1.1770363;1418119706059
869;-0.47647762;-1.655232;-1.655232;1418119706080
870;-1.226656;-2.423802;-2.423802;1418119706099
871;0.26266384;-2.6099987;-2.6099987;1418119706118
872;1.5988874;-2.2546253;-2.2546253;1418119706139
873;1.9222136;-2.125301;-2.125301;1418119706158
874;1.4340782;-2.777709;-2.777709;1418119706178
875;1.860898;-2.4681864;-2.4681864;1418119706199
876;1.6438141;-2.4480982;-2.4480982;1418119706220
877;1.7362804;-2.0109603;-2.0109603;1418119706238
878;2.1185904;-1.0933154;-1.0933154;1418119706257
879;2.6046686;-1.323096;-1.323096;1418119706277
880;2.2521963;-1.5971351;-1.5971351;1418119706296
881;2.34626;-1.0449257;-1.0449257;1418119706316
882;3.021227;-0.6802876;-0.6802876;1418119706335
883;3.290268;-0.3847637;-0.3847637;1418119706355
884;3.0766106;-0.47421166;-0.47421166;1418119706375
885;3.3049288;-0.2236185;-0.2236185;1418119706395
886;3.8303432;0.14928019;0.14928019;1418119706414
887;3.065343;-0.28838217;-0.28838217;1418119706433
888;3.2039585;-0.20938802;-0.20938802;1418119706453
889;2.493166;-0.43061292;-0.43061292;1418119706474
890;2.5315495;-0.14745724;-0.14745724;1418119706494
891;2.676196;-0.119155765;-0.119155765;1418119706514
892;3.165224;-0.19326329;-0.19326329;1418119706534
893;3.2882204;-0.28231645;-0.28231645;1418119706552
894;2.7456083;-0.63953924;-0.63953924;1418119706572
895;1.8183737;-0.7272967;-0.7272967;1418119706592
896;0.8600006;-0.9625777;-0.9625777;1418119706613
897;1.04529;-0.8579732;-0.8579732;1418119706632
898;2.0573168;-0.72817457;-0.72817457;1418119706652
899;3.171876;-0.5024863;-0.5024863;1418119706671
900;3.5973797;-0.48222253;-0.48222253;1418119706690
901;2.5732098;-0.68842494;-0.68842494;1418119706711
902;1.9311295;-0.6932305;-0.6932305;1418119706731
903;2.289794;-0.824488;-0.824488;1418119706750
904;3.471612;-0.98992217;-0.98992217;1418119706769
905;1.362669;-1.8935506;-1.8935506;1418119706789
906;-1.9021444;-2.179756;-2.179756;1418119706808
907;-2.0661125;-1.5700479;-1.5700479;1418119706832
908;0.6216984;-1.1942599;-1.1942599;1418119706850
909;2.286251;-1.1981969;-1.1981969;1418119706870
910;-0.82906914;-2.1617453;-2.1617453;1418119706888
911;-1.4244318;-1.5034776;-1.5034776;1418119706907
912;0.14467144;-1.3605185;-1.3605185;1418119706927
913;1.0296469;-1.1106782;-1.1106782;1418119706947
914;1.2974501;-1.4597101;-1.4597101;1418119706967
915;1.620626;-1.6681242;-1.6681242;1418119706987
916;1.3048272;-1.6999912;-1.6999912;1418119707010
917;0.2857275;-2.103652;-2.103652;1418119707026
918;-1.2123804;-2.2765474;-2.2765474;1418119707046
919;-1.4326987;-2.0717497;-2.0717497;1418119707065
920;-1.155592;-1.9329925;-1.9329925;1418119707085
921;-0.670712;-1.5783892;-1.5783892;1418119707105
922;-0.32230425;-1.2699938;-1.2699938;1418119707124
923;-1.3417664;-0.20976734;-0.20976734;1418119707144
924;-0.4436884;-1.1565857;-1.1565857;1418119707163
925;-0.52343965;-0.99951553;-0.99951553;1418119707185
926;-1.5505023;-1.0218544;-1.0218544;1418119707207
927;-2.4991121;-1.0048838;-1.0048838;1418119707223
928;-2.7179976;-0.8248558;-0.8248558;1418119707243
929;-2.2511632;-0.9930372;-0.9930372;1418119707262
930;-1.6693218;-0.58205223;-0.58205223;1418119707283
931;-1.5892534;-0.20258617;-0.20258617;1418119707302
932;-1.2988887;-0.3336916;-0.3336916;1418119707322
933;-0.20331836;-0.53899;-0.53899;1418119707343
934;0.36035693;-0.70741653;-0.70741653;1418119707363
935;-0.030490518;-0.19484615;-0.19484615;1418119707381
936;-0.7088138;-0.45792866;-0.45792866;1418119707401
937;-0.5863309;-0.88101673;-0.88101673;1418119707420
938;-0.3386761;-0.3936224;-0.3936224;1418119707445
939;0.17107195;-0.24668789;-0.24668789;1418119707459
940;0.31417203;0.013390541;0.013390541;1418119707479
941;-0.33111316;0.04024887;0.04024887;1418119707500
942;-0.49698022;-0.4737625;-0.4737625;1418119707519
943;-0.7676206;-0.98876095;-0.98876095;1418119707538
944;-0.7875773;-0.32987118;-0.32987118;1418119707558
945;-2.6675353;-0.21618748;-0.21618748;1418119707577
946;-3.1800656;-0.21030903;-0.21030903;1418119707597
947;-2.2584689;0.016738892;0.016738892;1418119707617
948;-1.5371825;-0.034812927;-0.034812927;1418119707637
949;-1.129942;-0.32039833;-0.32039833;1418119707656
950;-1.691867;-0.6762028;-0.6762028;1418119707676
951;-2.0874197;-0.7379656;-0.7379656;1418119707696
952;-2.0925295;-0.37082958;-0.37082958;1418119707716
953;-1.4970851;-0.45678043;-0.45678043;1418119707738
954;-2.1514237;-0.54724216;-0.54724216;1418119707755
955;-2.8234735;-0.71560574;-0.71560574;1418119707774
956;-2.6508229;-0.80499744;-0.80499744;1418119707794
957;-3.0866091;-0.98226833;-0.98226833;1418119707815
958;-3.0648272;-1.1844778;-1.1844778;1418119707834
959;-2.5852275;-1.0608282;-1.0608282;1418119707854
960;-3.13509;-1.2973528;-1.2973528;1418119707873
961;-4.572981;-1.7428885;-1.7428885;1418119707893
962;-4.6331363;-2.526679;-2.526679;1418119707912
963;-3.7440379;-2.9855146;-2.9855146;1418119707933
964;-1.153202;-2.6711931;-2.6711931;1418119707952
965;0.5577555;-2.6141014;-2.6141014;1418119707972
966;-0.6223271;-2.6490374;-2.6490374;1418119707996
967;-1.4578023;-2.687871;-2.687871;1418119708017
968;-1.3051996;-2.68612;-2.68612;1418119708033
969;-0.961524;-2.391695;-2.391695;1418119708051
970;0.15157127;-2.649911;-2.649911;1418119708071
971;0.35583925;-2.4501796;-2.4501796;1418119708090
972;0.5955868;-3.0069528;-3.0069528;1418119708110
973;1.6436753;-2.6933856;-2.6933856;1418119708129
974;1.9744086;-2.27028;-2.27028;1418119708150
975;2.639361;-1.9417396;-1.9417396;1418119708169
976;2.3471565;-1.7963052;-1.7963052;1418119708190
977;0.4174719;-2.178072;-2.178072;1418119708208
978;0.8647537;-2.1063542;-2.1063542;1418119708228
979;1.0635824;-1.9568834;-1.9568834;1418119708248
980;2.2208881;-1.6089082;-1.6089082;1418119708268
981;2.2260847;-1.6454227;-1.6454227;1418119708288
982;-0.17333984;-1.898911;-1.898911;1418119708308
983;1.2132664;-1.2958442;-1.2958442;1418119708328
984;2.8217554;-1.027094;-1.027094;1418119708346
985;3.7413216;-0.7858921;-0.7858921;1418119708365
986;3.5133295;-0.5177362;-0.5177362;1418119708387
987;3.1576357;-1.0711868;-1.0711868;1418119708409
988;2.081668;-1.3119364;-1.3119364;1418119708427
989;2.112544;-1.769484;-1.769484;1418119708447
990;3.8198042;-1.482333;-1.482333;1418119708465
991;5.1715927;-1.1311855;-1.1311855;1418119708485
992;3.9100266;-1.4254131;-1.4254131;1418119708505
993;0.98541594;-1.7034278;-1.7034278;1418119708526
994;2.4591713;0.26033378;0.26033378;1418119708546
995;1.6393538;-0.5159764;-0.5159764;1418119708563
996;-0.26447248;-0.6288278;-0.6288278;1418119708583
997;1.6683402;0.5488944;0.5488944;1418119708603
998;2.9287107;0.3379867;0.3379867;1418119708623
999;2.2112772;-0.36613607;-0.36613607;1418119708642
1000;1.6241603;-0.20228529;-0.20228529;1418119708661
1001;1.413324;-0.4473753;-0.4473753;1418119708681
1002;0.63496876;-0.8215227;-0.8215227;1418119708701
1003;-0.13726112;-1.2407255;-1.2407255;1418119708722
1004;0.3379077;-0.35854244;-0.35854244;1418119708741
1005;-0.5420962;-0.30946827;-0.30946827;1418119708760
1006;-0.2318936;-0.2547431;-0.2547431;1418119708780
1007;1.20496;-0.0656507;-0.0656507;1418119708800
1008;1.6599528;-0.32453012;-0.32453012;1418119708819
1009;0.19029856;0.076493025;0.076493025;1418119708840
1010;0.13071465;0.1323402;0.1323402;1418119708859
1011;0.75212634;-0.14749694;-0.14749694;1418119708879
1012;1.9174433;-0.27243257;-0.27243257;1418119708898
1013;1.584429;-0.15747094;-0.15747094;1418119708918
1014;0.32195514;0.056214094;0.056214094;1418119708946
1015;-0.6278856;-0.7630515;-0.7630515;1418119708958
1016;0.41021824;-0.5074742;-0.5074742;1418119708981
1017;0.7224853;-0.47356582;-0.47356582;1418119709002
1018;-0.1914042;-0.18047738;-0.18047738;1418119709024
1019;-0.20137033;-0.31623077;-0.31623077;1418119709037
1020;-0.75529194;-0.5628078;-0.5628078;1418119709056
1021;-0.54492414;-0.39377952;-0.39377952;1418119709075
1022;0.07943174;-0.5149157;-0.5149157;1418119709096
1023;-0.31303775;-0.3636136;-0.3636136;1418119709126
1024;-0.2651206;-0.35439825;-0.35439825;1418119709135
1025;-0.1919406;-0.5139203;-0.5139203;1418119709155
1026;0.633686;-0.24732852;-0.24732852;1418119709174
1027;0.643944;-0.33340502;-0.33340502;1418119709196
1028;0.022712976;-0.31397057;-0.31397057;1418119709223
1029;-0.28960449;-0.5531783;-0.5531783;1418119709239
1030;0.9052089;-0.23436236;-0.23436236;1418119709254
1031;0.9627987;-0.05175233;-0.05175233;1418119709274
1032;0.11711848;-0.42807174;-0.42807174;1418119709293
1033;0.37475982;-0.33188987;-0.33188987;1418119709313
1034;0.3280733;-0.540277;-0.540277;1418119709333
1035;0.39098287;-0.26752043;-0.26752043;1418119709352
1036;0.33232394;-0.30905294;-0.30905294;1418119709371
1037;-0.32168794;-0.5284033;-0.5284033;1418119709391
