0000;x;y;z;time
0;-0.8348359;-0.23651218;-0.23651218;1418122417126
1;0.38674712;0.09804058;0.09804058;1418122417145
2;-0.26108444;-0.1990509;-0.1990509;1418122417164
3;-0.7711668;-0.6344509;-0.6344509;1418122417184
4;3.1842194;1.9000835;1.9000835;1418122417204
5;6.038355;2.5394354;2.5394354;1418122417224
6;1.4922111;1.0165014;1.0165014;1418122417244
7;2.616113;1.2620792;1.2620792;1418122417263
8;1.1565351;0.5467634;0.5467634;1418122417284
9;-1.3601189;-0.0082035065;-0.0082035065;1418122417303
10;1.3345749;0.3513193;0.3513193;1418122417323
11;1.0245986;0.24612045;0.24612045;1418122417343
12;0.47939014;0.15193653;0.15193653;1418122417362
13;2.9121578;0.7495861;0.7495861;1418122417384
14;2.6488707;0.5229292;0.5229292;1418122417402
15;1.4818008;0.25596333;0.25596333;1418122417422
16;1.4545794;-0.20539665;-0.20539665;1418122417442
17;0.082111835;0.9454298;0.9454298;1418122417461
18;1.4424205;-0.20336914;-0.20336914;1418122417481
19;0.6447892;0.12755346;0.12755346;1418122417502
20;3.144279;-0.3409338;-0.3409338;1418122417521
21;4.8374596;1.1509814;1.1509814;1418122417540
22;6.6388845;1.8928981;1.8928981;1418122417560
23;8.549772;1.275569;1.275569;1418122417580
24;9.1929;-1.1530399;-1.1530399;1418122417602
25;5.873041;-2.1900778;-2.1900778;1418122417620
26;5.1864204;-3.757217;-3.757217;1418122417639
27;4.112028;-5.026842;-5.026842;1418122417659
28;3.295703;-5.2888284;-5.2888284;1418122417679
29;3.4656544;-5.5985537;-5.5985537;1418122417698
30;1.7778482;-6.1671443;-6.1671443;1418122417721
31;0.8302469;-6.4231377;-6.4231377;1418122417738
32;0.8718262;-5.924987;-5.924987;1418122417758
33;1.0762281;-5.9003353;-5.9003353;1418122417778
34;-0.1064167;-6.1164827;-6.1164827;1418122417797
35;0.8168316;-5.66364;-5.66364;1418122417818
36;0.5070629;-5.4807262;-5.4807262;1418122417837
37;1.0244455;-5.787507;-5.787507;1418122417857
38;1.0795431;-5.562676;-5.562676;1418122417877
39;1.0176096;-5.452715;-5.452715;1418122417897
40;-3.5181541;-4.4470544;-4.4470544;1418122417916
41;-3.4582577;-7.5978813;-7.5978813;1418122417936
42;-3.9799442;-7.5845504;-7.5845504;1418122417956
43;-3.9220085;-6.8738246;-6.8738246;1418122417976
44;-2.7599754;-6.521986;-6.521986;1418122417995
45;-2.0515118;-5.9409785;-5.9409785;1418122418015
46;-3.1178489;-5.83911;-5.83911;1418122418035
47;-5.234927;-7.0858326;-7.0858326;1418122418055
48;-5.330793;-6.7668223;-6.7668223;1418122418075
49;-5.793597;-5.954723;-5.954723;1418122418094
50;-3.8817587;-6.2342505;-6.2342505;1418122418114
51;-4.875236;-5.1472664;-5.1472664;1418122418134
52;-6.152499;-5.1054406;-5.1054406;1418122418153
53;-6.33783;-6.7841086;-6.7841086;1418122418173
54;-5.3090777;-5.2652855;-5.2652855;1418122418193
55;-3.9785266;-5.3917847;-5.3917847;1418122418213
56;-4.516832;-7.360191;-7.360191;1418122418233
57;-1.0155954;-3.7870426;-3.7870426;1418122418252
58;-3.0891514;-5.229965;-5.229965;1418122418273
59;-3.588419;-6.827526;-6.827526;1418122418292
60;-0.52973557;-4.386543;-4.386543;1418122418312
61;-0.24040556;-5.0009623;-5.0009623;1418122418331
62;-0.76967335;-7.1620817;-7.1620817;1418122418351
63;1.1933975;-6.681012;-6.681012;1418122418371
64;3.7651901;-3.9267738;-3.9267738;1418122418391
65;3.9466057;-2.9344199;-2.9344199;1418122418411
66;2.93291;-3.7170966;-3.7170966;1418122418431
67;2.7308512;-3.4455261;-3.4455261;1418122418450
68;3.508132;-2.9557858;-2.9557858;1418122418470
69;4.430583;-2.1517968;-2.1517968;1418122418490
70;3.5559025;-1.7367961;-1.7367961;1418122418510
71;2.6732101;-2.4317398;-2.4317398;1418122418530
72;2.3570404;-2.8607745;-2.8607745;1418122418549
73;3.8418593;-2.5332608;-2.5332608;1418122418569
74;3.4901023;-2.002561;-2.002561;1418122418589
75;2.5143766;-2.2753782;-2.2753782;1418122418609
76;1.283978;-3.9557848;-3.9557848;1418122418629
77;1.7349539;-3.888103;-3.888103;1418122418648
78;2.6274886;-4.3646946;-4.3646946;1418122418668
79;0.446023;-3.852179;-3.852179;1418122418688
80;-0.27648163;-4.7476425;-4.7476425;1418122418707
81;-0.55714655;-5.3398857;-5.3398857;1418122418728
82;-0.32477093;-4.5772886;-4.5772886;1418122418747
83;0.34505582;-3.9050083;-3.9050083;1418122418767
84;-0.12347078;-4.753767;-4.753767;1418122418787
85;0.6823857;-5.618601;-5.618601;1418122418806
86;3.013677;-4.6089134;-4.6089134;1418122418826
87;4.0268407;-4.2994623;-4.2994623;1418122418846
88;4.809934;-4.167595;-4.167595;1418122418866
89;5.708297;-3.34093;-3.34093;1418122418885
90;6.700473;-2.1760283;-2.1760283;1418122418905
91;6.7466226;-1.5035734;-1.5035734;1418122418925
92;6.678649;-1.103178;-1.103178;1418122418945
93;7.031302;-0.26984406;-0.26984406;1418122418965
94;6.7873964;0.13048649;0.13048649;1418122418984
95;6.641249;0.52433777;0.52433777;1418122419004
96;6.2723093;0.33792686;0.33792686;1418122419024
97;5.098222;0.18787193;0.18787193;1418122419044
98;4.55726;-0.42905998;-0.42905998;1418122419064
99;4.4117146;-0.5122204;-0.5122204;1418122419084
100;4.5697794;-0.44633675;-0.44633675;1418122419103
101;5.816798;0.49155712;0.49155712;1418122419123
102;7.2486067;1.1456604;1.1456604;1418122419143
103;6.68491;0.29339314;0.29339314;1418122419163
104;6.6176143;-0.02622509;-0.02622509;1418122419183
105;5.779088;-1.170331;-1.170331;1418122419202
106;5.810734;-1.398696;-1.398696;1418122419222
107;6.874351;-1.4372902;-1.4372902;1418122419241
108;7.491841;-2.0301723;-2.0301723;1418122419261
109;6.8774543;-2.666543;-2.666543;1418122419281
110;5.568097;-3.8855;-3.8855;1418122419302
111;4.7016826;-4.8162537;-4.8162537;1418122419321
112;4.205944;-5.4437714;-5.4437714;1418122419340
113;3.836297;-5.6955357;-5.6955357;1418122419360
114;3.078447;-5.2913427;-5.2913427;1418122419380
115;3.3882856;-5.9620132;-5.9620132;1418122419400
116;3.6071248;-5.191532;-5.191532;1418122419420
117;2.2460217;-5.997245;-5.997245;1418122419439
118;1.794477;-5.619989;-5.619989;1418122419459
119;2.1483812;-5.577201;-5.577201;1418122419479
120;2.0011897;-5.5944805;-5.5944805;1418122419501
121;1.5225172;-5.728922;-5.728922;1418122419519
122;1.4112196;-6.108788;-6.108788;1418122419538
123;0.8805733;-6.3017116;-6.3017116;1418122419558
124;1.0809603;-6.302002;-6.302002;1418122419579
125;0.16539478;-6.635907;-6.635907;1418122419598
126;1.2059412;-5.9938564;-5.9938564;1418122419618
127;1.6692181;-6.0761714;-6.0761714;1418122419637
128;0.45389366;-6.9134216;-6.9134216;1418122419657
129;-1.7016468;-7.9701624;-7.9701624;1418122419677
130;-1.8030939;-7.3134313;-7.3134313;1418122419697
131;-1.2978449;-6.4816184;-6.4816184;1418122419716
132;-2.5484333;-6.443384;-6.443384;1418122419736
133;-3.9347363;-6.96683;-6.96683;1418122419756
134;-4.064583;-6.0496573;-6.0496573;1418122419775
135;-4.7247925;-5.8655057;-5.8655057;1418122419795
136;-4.133159;-5.7635136;-5.7635136;1418122419815
137;-3.8924804;-4.887429;-4.887429;1418122419835
138;-4.070635;-5.034073;-5.034073;1418122419855
139;-4.558734;-4.8629627;-4.8629627;1418122419875
140;-5.6146708;-5.1498914;-5.1498914;1418122419895
141;-5.4479504;-5.0478435;-5.0478435;1418122419915
142;-5.125033;-4.7994003;-4.7994003;1418122419935
143;-4.6479907;-4.611802;-4.611802;1418122419954
144;-4.47721;-4.4099483;-4.4099483;1418122419974
145;-3.479475;-4.098764;-4.098764;1418122419995
146;-2.8277578;-3.7534537;-3.7534537;1418122420015
147;-2.5649815;-3.5717587;-3.5717587;1418122420034
148;-2.177703;-3.632131;-3.632131;1418122420053
149;-1.2028046;-3.5675073;-3.5675073;1418122420073
150;-0.39533663;-3.0920062;-3.0920062;1418122420093
151;-1.4011626;-3.4943247;-3.4943247;1418122420112
152;-1.9123783;-3.8559327;-3.8559327;1418122420132
153;-0.6643648;-3.6239858;-3.6239858;1418122420153
154;0.9389267;-2.3234706;-2.3234706;1418122420172
155;1.0094509;-1.9375615;-1.9375615;1418122420191
156;-0.21635723;-2.8692508;-2.8692508;1418122420211
157;-1.0521879;-3.5269976;-3.5269976;1418122420231
158;-0.9805021;-3.6456418;-3.6456418;1418122420250
159;0.6554165;-3.692905;-3.692905;1418122420271
160;2.2167864;-3.6357265;-3.6357265;1418122420291
161;1.8182583;-3.6908932;-3.6908932;1418122420312
162;0.2645197;-3.7768874;-3.7768874;1418122420335
163;-0.51181793;-5.479276;-5.479276;1418122420350
164;1.6222458;-4.6037173;-4.6037173;1418122420370
165;3.4206762;-3.9057016;-3.9057016;1418122420390
166;3.4556017;-3.7260149;-3.7260149;1418122420409
167;2.1994333;-3.9994755;-3.9994755;1418122420430
168;2.2329922;-4.0890317;-4.0890317;1418122420448
169;2.9272394;-3.9432807;-3.9432807;1418122420469
170;3.6623611;-3.2025237;-3.2025237;1418122420488
171;3.8292356;-3.2018719;-3.2018719;1418122420509
172;6.453639;-3.6460419;-3.6460419;1418122420530
173;10.603041;-0.313941;-0.313941;1418122420547
174;9.754921;1.5144482;1.5144482;1418122420567
175;7.150064;1.1390076;1.1390076;1418122420587
176;3.6518626;0.63194275;0.63194275;1418122420607
177;2.362635;-1.1404305;-1.1404305;1418122420627
178;1.6390529;-1.2081747;-1.2081747;1418122420647
179;1.0079241;-1.1600542;-1.1600542;1418122420666
180;1.1826696;-1.0948849;-1.0948849;1418122420686
181;-0.31242418;-1.179122;-1.179122;1418122420706
182;0.5579529;-1.9035082;-1.9035082;1418122420726
183;1.2669108;-1.0485706;-1.0485706;1418122420746
184;2.4178345;-0.5583992;-0.5583992;1418122420765
185;2.4561124;-0.5754881;-0.5754881;1418122420785
186;3.445925;-0.6071062;-0.6071062;1418122420805
187;4.619929;-0.13175583;-0.13175583;1418122420828
188;5.2560196;0.0972662;0.0972662;1418122420847
189;5.6196747;0.68633556;0.68633556;1418122420865
190;6.4293976;0.78849983;0.78849983;1418122420884
191;7.282583;1.0266724;1.0266724;1418122420904
192;8.466073;1.751193;1.751193;1418122420924
193;9.348019;2.0814161;2.0814161;1418122420943
194;9.816513;1.4478445;1.4478445;1418122420966
195;10.456801;0.61385536;0.61385536;1418122420983
196;8.89864;-1.2702188;-1.2702188;1418122421002
197;8.595236;-1.4562569;-1.4562569;1418122421023
198;7.240701;-2.3475475;-2.3475475;1418122421043
199;5.7134027;-3.1242533;-3.1242533;1418122421063
200;4.41986;-3.859765;-3.859765;1418122421082
201;3.9667258;-4.182968;-4.182968;1418122421102
202;3.8431797;-4.229579;-4.229579;1418122421122
203;4.0043187;-4.22451;-4.22451;1418122421142
204;3.8223839;-4.5533576;-4.5533576;1418122421162
205;4.241062;-4.688999;-4.688999;1418122421181
206;4.058264;-4.5039315;-4.5039315;1418122421201
207;3.447215;-5.1066513;-5.1066513;1418122421221
208;2.9228373;-5.6276264;-5.6276264;1418122421241
209;2.209673;-5.82325;-5.82325;1418122421261
210;1.7387724;-5.932;-5.932;1418122421280
211;1.2003517;-5.711048;-5.711048;1418122421299
212;1.0368195;-6.174168;-6.174168;1418122421319
213;0.28363895;-6.0494866;-6.0494866;1418122421340
214;-0.45559216;-6.7421007;-6.7421007;1418122421358
215;-0.64183235;-6.1494746;-6.1494746;1418122421379
216;-0.0060224533;-5.9387307;-5.9387307;1418122421401
217;-1.6387033;-5.549617;-5.549617;1418122421418
218;-2.3309078;-5.8031254;-5.8031254;1418122421438
219;-2.8989983;-5.347924;-5.347924;1418122421458
220;-3.1612816;-5.474317;-5.474317;1418122421479
221;-3.1845922;-5.1792397;-5.1792397;1418122421498
222;-3.2063875;-5.000322;-5.000322;1418122421517
223;-3.5149202;-5.1589155;-5.1589155;1418122421537
224;-3.4063492;-4.810494;-4.810494;1418122421558
225;-4.3244605;-4.555269;-4.555269;1418122421577
226;-4.3052516;-4.7447286;-4.7447286;1418122421597
227;-4.654234;-4.769272;-4.769272;1418122421617
228;-4.6776876;-4.843239;-4.843239;1418122421637
229;-4.143997;-4.5995355;-4.5995355;1418122421655
230;-2.874597;-4.1330814;-4.1330814;1418122421676
231;-2.5063906;-3.7472072;-3.7472072;1418122421698
232;-2.6702871;-3.8120255;-3.8120255;1418122421719
233;-3.1735291;-3.8041968;-3.8041968;1418122421736
234;-2.8885922;-3.7142615;-3.7142615;1418122421754
235;-2.517013;-3.7715325;-3.7715325;1418122421775
236;-2.3965907;-3.8048525;-3.8048525;1418122421794
237;-2.453855;-4.214777;-4.214777;1418122421815
238;-2.621314;-4.203699;-4.203699;1418122421836
239;-2.0355473;-4.0885086;-4.0885086;1418122421853
240;-2.1819925;-4.3612833;-4.3612833;1418122421873
241;-3.6556807;-5.0528135;-5.0528135;1418122421893
242;-4.6288204;-6.1346407;-6.1346407;1418122421913
243;-3.203621;-6.277379;-6.277379;1418122421933
244;-1.6874838;-6.2901807;-6.2901807;1418122421952
245;-0.05679798;-6.2644863;-6.2644863;1418122421972
246;2.2802362;-5.0256534;-5.0256534;1418122421992
247;3.1809616;-5.3392363;-5.3392363;1418122422011
248;4.9507885;-4.199611;-4.199611;1418122422032
249;5.6162176;-3.6375532;-3.6375532;1418122422053
250;5.072151;-3.6642623;-3.6642623;1418122422071
251;4.3620787;-3.7536879;-3.7536879;1418122422091
252;3.6293736;-4.402989;-4.402989;1418122422110
253;3.7772045;-4.8981824;-4.8981824;1418122422131
254;4.176124;-4.641115;-4.641115;1418122422153
255;4.319991;-4.384454;-4.384454;1418122422173
256;4.5468693;-3.747127;-3.747127;1418122422189
257;4.306187;-3.6555486;-3.6555486;1418122422209
258;3.550848;-3.5560179;-3.5560179;1418122422230
259;4.152965;-4.0063057;-4.0063057;1418122422250
260;6.796449;-1.9582624;-1.9582624;1418122422270
261;6.396351;-1.355403;-1.355403;1418122422288
262;5.946698;-0.75463104;-0.75463104;1418122422308
263;4.90218;-0.8021364;-0.8021364;1418122422328
264;4.1516232;-0.6286564;-0.6286564;1418122422349
265;4.919503;-0.1399231;-0.1399231;1418122422369
266;5.76977;0.58253956;0.58253956;1418122422387
267;6.253857;1.2559175;1.2559175;1418122422407
268;6.0035224;1.2190123;1.2190123;1418122422429
269;5.6961665;1.3501501;1.3501501;1418122422447
270;5.8649955;1.5568142;1.5568142;1418122422465
271;6.6522818;2.3505573;2.3505573;1418122422486
272;6.4841986;2.4777594;2.4777594;1418122422507
273;5.7565527;1.8680677;1.8680677;1418122422530
274;4.6534495;1.2050095;1.2050095;1418122422546
275;3.7362776;1.0479183;1.0479183;1418122422565
276;2.7560892;0.8451729;0.8451729;1418122422585
277;3.385786;0.43612576;0.43612576;1418122422607
278;4.8895164;0.55078316;0.55078316;1418122422624
279;5.684386;0.7877388;0.7877388;1418122422645
280;5.3742414;0.1610775;0.1610775;1418122422664
281;5.086727;-0.5345564;-0.5345564;1418122422684
282;5.4437337;-0.9799013;-0.9799013;1418122422704
283;6.1941037;-1.4114113;-1.4114113;1418122422723
284;6.9354806;-1.2716532;-1.2716532;1418122422743
285;6.602589;-1.8993168;-1.8993168;1418122422763
286;6.324079;-2.7849045;-2.7849045;1418122422784
287;6.203707;-3.411583;-3.411583;1418122422803
288;6.439834;-3.4170647;-3.4170647;1418122422827
289;5.620511;-4.556736;-4.556736;1418122422842
290;4.4777207;-5.7482295;-5.7482295;1418122422862
291;3.97157;-6.0624385;-6.0624385;1418122422882
292;3.4763174;-6.3353305;-6.3353305;1418122422902
293;3.775895;-6.490092;-6.490092;1418122422922
294;3.4331045;-6.9140716;-6.9140716;1418122422941
295;1.4405937;-7.694561;-7.694561;1418122422961
296;0.85935307;-7.629033;-7.629033;1418122422981
297;1.3331385;-7.3562555;-7.3562555;1418122423001
298;0.6112461;-7.464016;-7.464016;1418122423020
299;-0.2828865;-7.527941;-7.527941;1418122423041
300;-0.7278023;-7.5664897;-7.5664897;1418122423059
301;-1.2858763;-7.008022;-7.008022;1418122423080
302;-2.44761;-7.130743;-7.130743;1418122423100
303;-2.5373058;-6.4827943;-6.4827943;1418122423119
304;-1.4526463;-5.6993427;-5.6993427;1418122423139
305;-1.8807945;-5.490494;-5.490494;1418122423158
306;-3.4047194;-5.4580703;-5.4580703;1418122423182
307;-4.392247;-5.573678;-5.573678;1418122423199
308;-4.2227707;-4.9510207;-4.9510207;1418122423218
309;-4.5281653;-4.646567;-4.646567;1418122423238
310;-5.2930937;-4.658569;-4.658569;1418122423265
311;-5.637299;-4.4109797;-4.4109797;1418122423277
312;-6.046886;-4.3494735;-4.3494735;1418122423297
313;-6.3647256;-4.3024154;-4.3024154;1418122423316
314;-5.9801917;-4.02264;-4.02264;1418122423337
315;-6.4025927;-4.3959618;-4.3959618;1418122423358
316;-5.7178063;-4.1088004;-4.1088004;1418122423377
317;-5.1285233;-4.059509;-4.059509;1418122423396
318;-4.5898185;-4.0596023;-4.0596023;1418122423416
319;-4.144516;-4.117269;-4.117269;1418122423436
320;-3.3954854;-4.001985;-4.001985;1418122423455
321;-2.484425;-3.9510727;-3.9510727;1418122423475
322;-3.0245137;-4.45509;-4.45509;1418122423495
323;-3.158677;-4.817828;-4.817828;1418122423515
324;-2.6271515;-5.016903;-5.016903;1418122423535
325;-2.0219927;-5.392679;-5.392679;1418122423555
326;-0.7121649;-5.098111;-5.098111;1418122423577
327;-0.09937382;-5.1641235;-5.1641235;1418122423593
328;-0.540617;-5.600258;-5.600258;1418122423617
329;0.2399931;-5.716606;-5.716606;1418122423633
330;1.3093605;-5.6424026;-5.6424026;1418122423653
331;2.552638;-4.982593;-4.982593;1418122423673
332;2.984005;-4.913707;-4.913707;1418122423696
333;2.6326485;-4.924124;-4.924124;1418122423714
334;2.8708773;-4.927716;-4.927716;1418122423732
335;2.9783764;-4.9059024;-4.9059024;1418122423752
336;3.1073084;-5.112417;-5.112417;1418122423772
337;4.1377945;-5.1612406;-5.1612406;1418122423792
338;4.913334;-4.506072;-4.506072;1418122423811
339;4.825201;-4.2370567;-4.2370567;1418122423831
340;4.586404;-4.131328;-4.131328;1418122423851
341;3.9729576;-4.4137216;-4.4137216;1418122423871
342;3.9347663;-4.470501;-4.470501;1418122423892
343;4.7577615;-3.7198205;-3.7198205;1418122423912
344;5.1463804;-3.2268062;-3.2268062;1418122423931
345;6.0539017;-2.0239277;-2.0239277;1418122423950
346;5.984643;-1.3249121;-1.3249121;1418122423969
347;5.616048;-0.8292484;-0.8292484;1418122423989
348;5.647148;-0.17033482;-0.17033482;1418122424009
349;5.804241;0.39505577;0.39505577;1418122424028
350;5.977108;0.73428345;0.73428345;1418122424048
351;5.646676;0.880064;0.880064;1418122424069
352;6.087559;1.3268118;1.3268118;1418122424089
353;6.028316;1.2343903;1.2343903;1418122424108
354;6.9283924;1.7957649;1.7957649;1418122424131
355;7.6507044;2.2514105;2.2514105;1418122424149
356;8.564636;2.7384663;2.7384663;1418122424167
357;9.168949;2.8484268;2.8484268;1418122424187
358;8.899499;2.3601532;2.3601532;1418122424207
359;8.500035;1.9029942;1.9029942;1418122424227
360;8.335197;1.184247;1.184247;1418122424246
361;8.405315;0.7990217;0.7990217;1418122424266
362;8.239439;0.23907566;0.23907566;1418122424286
363;8.002734;-0.48494816;-0.48494816;1418122424306
364;7.6470356;-1.1033506;-1.1033506;1418122424325
365;7.015231;-1.9514275;-1.9514275;1418122424347
366;6.1907883;-2.9144707;-2.9144707;1418122424365
367;5.7925587;-3.5575838;-3.5575838;1418122424384
368;5.149421;-4.544337;-4.544337;1418122424405
369;4.9802823;-5.0146675;-5.0146675;1418122424424
370;6.4992414;-5.479115;-5.479115;1418122424444
371;7.8278737;-5.73929;-5.73929;1418122424463
372;8.613964;-5.74883;-5.74883;1418122424483
373;6.5706472;-7.54377;-7.54377;1418122424504
374;4.4551764;-8.57838;-8.57838;1418122424523
375;3.439579;-8.850327;-8.850327;1418122424543
376;3.5821314;-8.562623;-8.562623;1418122424563
377;3.5715322;-8.460714;-8.460714;1418122424582
378;1.4118366;-9.9487505;-9.9487505;1418122424602
379;-0.69068146;-10.1180105;-10.1180105;1418122424622
380;-1.4540567;-9.489447;-9.489447;1418122424642
381;-1.6103573;-8.743605;-8.743605;1418122424661
382;-2.4685316;-8.552204;-8.552204;1418122424683
383;-4.1380243;-8.342915;-8.342915;1418122424701
384;-5.806073;-8.3051815;-8.3051815;1418122424721
385;-6.490304;-7.6913075;-7.6913075;1418122424741
386;-6.7558737;-7.0776944;-7.0776944;1418122424761
387;-7.0133896;-6.3854737;-6.3854737;1418122424781
388;-7.5340986;-6.2537436;-6.2537436;1418122424800
389;-7.690309;-5.7862463;-5.7862463;1418122424820
390;-7.310323;-5.1673856;-5.1673856;1418122424840
391;-6.9493237;-5.01988;-5.01988;1418122424860
392;-7.0140996;-4.874779;-4.874779;1418122424879
393;-6.1490517;-4.586013;-4.586013;1418122424901
394;-5.7045465;-4.308154;-4.308154;1418122424918
395;-5.6379275;-4.848218;-4.848218;1418122424939
396;-4.121514;-4.24455;-4.24455;1418122424958
397;-3.0628686;-3.955021;-3.955021;1418122424978
398;-2.4440923;-3.842173;-3.842173;1418122425000
399;-2.8816023;-3.8415856;-3.8415856;1418122425020
400;-3.3733444;-4.6312866;-4.6312866;1418122425038
401;-2.8501358;-5.065489;-5.065489;1418122425058
402;-1.7074766;-4.669319;-4.669319;1418122425078
403;-0.964304;-4.9704475;-4.9704475;1418122425097
404;0.11859894;-4.9546165;-4.9546165;1418122425116
405;0.3653698;-4.756582;-4.756582;1418122425136
406;0.91434574;-5.043084;-5.043084;1418122425156
407;1.3471613;-5.2531357;-5.2531357;1418122425176
408;1.7542276;-4.802508;-4.802508;1418122425196
409;2.05787;-5.2230334;-5.2230334;1418122425216
410;2.6864347;-5.6814394;-5.6814394;1418122425235
411;2.7884483;-5.9713197;-5.9713197;1418122425255
412;3.8612309;-5.664419;-5.664419;1418122425275
413;5.6103306;-4.392722;-4.392722;1418122425295
414;6.895611;-3.3302433;-3.3302433;1418122425314
415;6.1470613;-2.5078607;-2.5078607;1418122425334
416;3.2656245;-3.6919093;-3.6919093;1418122425353
417;2.4239883;-4.090269;-4.090269;1418122425374
418;3.3241024;-3.5934944;-3.5934944;1418122425393
419;3.6484761;-3.4682622;-3.4682622;1418122425414
420;3.419464;-3.2728271;-3.2728271;1418122425437
421;3.5213456;-2.8615322;-2.8615322;1418122425457
422;3.7132149;-2.8833947;-2.8833947;1418122425472
423;3.9671044;-3.0767117;-3.0767117;1418122425492
424;4.672782;-2.0247622;-2.0247622;1418122425513
425;5.2214956;-0.8713169;-0.8713169;1418122425531
426;4.682612;-0.853384;-0.853384;1418122425552
427;4.2917805;-0.6209183;-0.6209183;1418122425571
428;4.035531;-0.68392277;-0.68392277;1418122425592
429;3.7338166;-0.77581024;-0.77581024;1418122425611
430;4.3234663;-0.100385666;-0.100385666;1418122425631
431;4.528848;0.3595295;0.3595295;1418122425651
432;4.812518;1.1459665;1.1459665;1418122425670
433;5.2173405;1.3154192;1.3154192;1418122425689
434;5.914576;1.7086191;1.7086191;1418122425710
435;6.11411;1.6553965;1.6553965;1418122425730
436;6.2364173;1.889741;1.889741;1418122425749
437;6.1777196;1.7758408;1.7758408;1418122425769
438;6.302591;1.5076971;1.5076971;1418122425788
439;6.9721665;2.020011;2.020011;1418122425809
440;7.127501;1.8547812;1.8547812;1418122425829
441;7.1017785;1.2140894;1.2140894;1418122425849
442;7.494376;0.6747341;0.6747341;1418122425871
443;7.761386;0.4159336;0.4159336;1418122425888
444;7.4879375;-0.087200165;-0.087200165;1418122425908
445;7.347684;-0.75831604;-0.75831604;1418122425928
446;6.691535;-1.6008234;-1.6008234;1418122425948
447;4.8930087;-2.5714521;-2.5714521;1418122425968
448;2.9903297;-3.2916288;-3.2916288;1418122425987
449;3.3146553;-3.4760046;-3.4760046;1418122426006
450;2.8276298;-3.4240417;-3.4240417;1418122426027
451;4.9762793;-2.8833256;-2.8833256;1418122426046
452;4.4993753;-4.4530573;-4.4530573;1418122426066
453;3.4613614;-5.2069263;-5.2069263;1418122426087
454;3.735911;-4.64017;-4.64017;1418122426105
455;5.3577876;-4.1269245;-4.1269245;1418122426125
456;5.00694;-4.776349;-4.776349;1418122426145
457;2.788834;-6.461743;-6.461743;1418122426165
458;2.1228833;-7.281401;-7.281401;1418122426185
459;3.5484886;-6.8369064;-6.8369064;1418122426208
460;5.125227;-6.569549;-6.569549;1418122426224
461;4.500149;-7.5668225;-7.5668225;1418122426244
462;3.50037;-8.679915;-8.679915;1418122426264
463;1.0335445;-10.004687;-10.004687;1418122426285
464;-0.8713751;-10.020949;-10.020949;1418122426305
465;-2.6581173;-9.382747;-9.382747;1418122426322
466;-4.9126587;-8.967381;-8.967381;1418122426343
467;-7.334484;-8.809467;-8.809467;1418122426363
468;-7.656822;-7.513123;-7.513123;1418122426383
469;-7.680565;-6.4959755;-6.4959755;1418122426402
470;-7.19833;-5.3374395;-5.3374395;1418122426423
471;-7.9175663;-5.3240776;-5.3240776;1418122426441
472;-8.282555;-4.8909454;-4.8909454;1418122426461
473;-6.97958;-4.0446396;-4.0446396;1418122426481
474;-6.0422945;-3.3336673;-3.3336673;1418122426501
475;-4.989896;-2.7783256;-2.7783256;1418122426521
476;-4.257476;-2.464007;-2.464007;1418122426540
477;-4.4234047;-2.4977403;-2.4977403;1418122426560
478;-4.7160645;-2.6819324;-2.6819324;1418122426580
479;-5.20172;-2.6994476;-2.6994476;1418122426600
480;-5.3685884;-3.2553945;-3.2553945;1418122426621
481;-4.1534433;-2.796682;-2.796682;1418122426643
482;-3.4049025;-2.4497056;-2.4497056;1418122426659
483;-3.8546658;-2.8184168;-2.8184168;1418122426680
484;-4.0526953;-3.267815;-3.267815;1418122426699
485;-2.9874687;-2.859714;-2.859714;1418122426720
486;-2.26342;-3.0070279;-3.0070279;1418122426739
487;-2.3613043;-3.3134322;-3.3134322;1418122426758
488;-2.7981453;-3.8629541;-3.8629541;1418122426778
489;-2.1107693;-3.7056804;-3.7056804;1418122426796
490;-1.303216;-3.647934;-3.647934;1418122426818
491;-0.5758581;-3.4826615;-3.4826615;1418122426838
492;-1.264288;-4.47411;-4.47411;1418122426859
493;-1.5425596;-5.3600817;-5.3600817;1418122426876
494;-1.448452;-5.8867264;-5.8867264;1418122426896
495;-0.007844925;-6.01118;-6.01118;1418122426917
496;1.439086;-4.9593134;-4.9593134;1418122426936
497;1.5868216;-6.01799;-6.01799;1418122426956
498;1.8625803;-5.845624;-5.845624;1418122426975
499;1.6489859;-5.934622;-5.934622;1418122426996
500;2.3493032;-5.3110185;-5.3110185;1418122427015
501;4.1882415;-3.6776657;-3.6776657;1418122427035
502;5.001378;-3.2609558;-3.2609558;1418122427055
503;5.3218627;-2.6759667;-2.6759667;1418122427076
504;4.3320723;-2.8111153;-2.8111153;1418122427096
505;3.0388312;-3.2461567;-3.2461567;1418122427114
506;2.7166214;-3.7486434;-3.7486434;1418122427134
507;3.5243387;-3.290042;-3.290042;1418122427154
508;4.513509;-2.7739334;-2.7739334;1418122427173
509;4.877755;-2.1926394;-2.1926394;1418122427192
510;5.085965;-1.780055;-1.780055;1418122427212
511;4.9392524;-1.7099762;-1.7099762;1418122427233
512;4.6173534;-1.3469477;-1.3469477;1418122427253
513;4.643415;-0.81523705;-0.81523705;1418122427272
514;4.9860983;-0.04868698;-0.04868698;1418122427294
515;5.100062;0.38643742;0.38643742;1418122427311
516;5.1289005;0.9667759;0.9667759;1418122427331
517;4.8814344;1.089283;1.089283;1418122427351
518;4.764754;1.1793232;1.1793232;1418122427371
519;5.1606665;1.5156603;1.5156603;1418122427391
520;5.664178;1.6349964;1.6349964;1418122427410
521;6.211002;1.8080502;1.8080502;1418122427430
522;6.485329;1.8627892;1.8627892;1418122427450
523;6.741133;1.8326702;1.8326702;1418122427470
524;6.9629574;1.5850382;1.5850382;1418122427490
525;6.7774134;1.2833853;1.2833853;1418122427509
526;6.802117;1.2185993;1.2185993;1418122427529
527;6.5762906;0.7633295;0.7633295;1418122427548
528;6.944318;0.0051927567;0.0051927567;1418122427569
529;7.498497;-0.26365662;-0.26365662;1418122427590
530;8.208754;-0.49506378;-0.49506378;1418122427608
531;8.146709;-1.3227091;-1.3227091;1418122427628
532;7.5811377;-2.051361;-2.051361;1418122427647
533;6.893046;-3.0948668;-3.0948668;1418122427668
534;6.3209343;-3.707038;-3.707038;1418122427688
535;6.1720023;-3.9909964;-3.9909964;1418122427707
536;5.8052325;-4.516343;-4.516343;1418122427727
537;5.5611796;-4.794402;-4.794402;1418122427748
538;5.415099;-5.3782105;-5.3782105;1418122427767
539;4.323817;-6.511096;-6.511096;1418122427786
540;3.7284956;-6.685075;-6.685075;1418122427807
541;3.1564913;-7.2264485;-7.2264485;1418122427826
542;2.6045675;-7.122509;-7.122509;1418122427846
543;3.6758728;-6.565711;-6.565711;1418122427865
544;3.774641;-6.692913;-6.692913;1418122427885
545;1.7602749;-7.947449;-7.947449;1418122427904
546;-1.2269716;-9.084402;-9.084402;1418122427925
547;-2.1809845;-8.370501;-8.370501;1418122427944
548;-1.3860483;-7.081157;-7.081157;1418122427964
549;-2.1953087;-7.211682;-7.211682;1418122427984
550;-1.2046394;-6.542016;-6.542016;1418122428003
551;-2.0528612;-6.726247;-6.726247;1418122428023
552;-3.6531572;-6.593933;-6.593933;1418122428042
553;-4.24343;-6.498119;-6.498119;1418122428062
554;-3.7954483;-5.6114745;-5.6114745;1418122428082
555;-3.9918919;-5.4136105;-5.4136105;1418122428102
556;-4.9715347;-5.551298;-5.551298;1418122428122
557;-6.5100913;-6.005462;-6.005462;1418122428142
558;-6.649779;-5.3838687;-5.3838687;1418122428161
559;-7.1849036;-5.4629717;-5.4629717;1418122428181
560;-6.9736094;-5.0655656;-5.0655656;1418122428201
561;-6.64468;-4.906137;-4.906137;1418122428221
562;-6.589615;-4.9510098;-4.9510098;1418122428241
563;-6.1042542;-5.0760694;-5.0760694;1418122428260
564;-5.666069;-5.0261216;-5.0261216;1418122428280
565;-4.988348;-5.002749;-5.002749;1418122428300
566;-3.7472162;-4.6566253;-4.6566253;1418122428320
567;-2.3087997;-4.264791;-4.264791;1418122428340
568;-1.6868582;-4.1718283;-4.1718283;1418122428360
569;-1.7490664;-4.1516876;-4.1516876;1418122428379
570;-2.3780375;-4.5407085;-4.5407085;1418122428399
571;-1.7559385;-4.6287427;-4.6287427;1418122428419
572;-0.20385265;-4.488633;-4.488633;1418122428439
573;1.0386009;-3.694755;-3.694755;1418122428461
574;0.56643486;-3.5254164;-3.5254164;1418122428482
575;-0.6883545;-4.0294757;-4.0294757;1418122428498
576;-0.88340473;-4.8036847;-4.8036847;1418122428518
577;1.447403;-3.9386988;-3.9386988;1418122428538
578;2.8389263;-3.1792192;-3.1792192;1418122428557
579;2.477316;-2.9013367;-2.9013367;1418122428578
580;0.67946243;-4.079624;-4.079624;1418122428599
581;0.30233097;-4.6564345;-4.6564345;1418122428616
582;1.2170095;-4.868558;-4.868558;1418122428637
583;3.2405796;-4.2439976;-4.2439976;1418122428656
584;4.434458;-3.261136;-3.261136;1418122428677
585;2.8728628;-3.9905887;-3.9905887;1418122428701
586;2.6382308;-4.1855288;-4.1855288;1418122428715
587;3.2257242;-4.3830056;-4.3830056;1418122428735
588;5.7611427;-3.0271306;-3.0271306;1418122428755
589;6.27014;-2.2104893;-2.2104893;1418122428776
590;5.532005;-2.526595;-2.526595;1418122428796
591;5.792643;-2.7516031;-2.7516031;1418122428817
592;6.5100703;-1.9842601;-1.9842601;1418122428835
593;6.894891;-0.77835464;-0.77835464;1418122428854
594;6.7548065;-0.10760498;-0.10760498;1418122428874
595;6.013281;0.36526585;0.36526585;1418122428894
596;5.3277082;0.33916473;0.33916473;1418122428913
597;5.291168;0.40555096;0.40555096;1418122428934
598;5.753173;0.5239067;0.5239067;1418122428953
599;7.1197076;1.5759048;1.5759048;1418122428973
600;7.258569;2.2659864;2.2659864;1418122428993
601;7.0628114;2.3603926;2.3603926;1418122429011
602;7.1088905;2.415368;2.415368;1418122429034
603;6.84281;2.0701494;2.0701494;1418122429055
604;6.8886857;1.9396439;1.9396439;1418122429072
605;6.8254137;1.5804014;1.5804014;1418122429092
606;7.055597;1.3959417;1.3959417;1418122429111
607;7.0088005;0.95876503;0.95876503;1418122429131
608;6.6774607;0.45242023;0.45242023;1418122429156
609;7.033122;0.24118423;0.24118423;1418122429170
610;7.0458965;-0.08421326;-0.08421326;1418122429190
611;6.4858084;-1.0543871;-1.0543871;1418122429210
612;6.13534;-1.6317854;-1.6317854;1418122429230
613;6.1550674;-2.2045803;-2.2045803;1418122429251
614;6.3320184;-3.0436068;-3.0436068;1418122429269
615;6.7558026;-3.499507;-3.499507;1418122429290
616;7.178922;-3.8794465;-3.8794465;1418122429309
617;7.106944;-4.6241603;-4.6241603;1418122429331
618;6.3162394;-5.640603;-5.640603;1418122429352
619;5.730394;-6.1754856;-6.1754856;1418122429373
620;4.358779;-6.925349;-6.925349;1418122429388
621;2.7785997;-7.546664;-7.546664;1418122429410
622;2.4369097;-7.2705154;-7.2705154;1418122429428
623;2.0547352;-7.1577845;-7.1577845;1418122429448
624;1.3494396;-7.6339045;-7.6339045;1418122429469
625;0.99912167;-7.5079575;-7.5079575;1418122429486
626;1.3799601;-7.285989;-7.285989;1418122429508
627;1.0154896;-7.2308993;-7.2308993;1418122429526
628;-0.7112255;-7.9434857;-7.9434857;1418122429546
629;-3.0910397;-8.406189;-8.406189;1418122429566
630;-4.187683;-7.9376955;-7.9376955;1418122429585
631;-4.263419;-7.34157;-7.34157;1418122429605
632;-4.60091;-7.0095353;-7.0095353;1418122429625
633;-5.946496;-7.110945;-7.110945;1418122429645
634;-7.0369034;-7.2112036;-7.2112036;1418122429665
635;-7.3699903;-6.3575306;-6.3575306;1418122429686
636;-7.148842;-5.7898407;-5.7898407;1418122429704
637;-6.8416667;-5.106594;-5.106594;1418122429724
638;-6.616378;-4.828445;-4.828445;1418122429745
639;-6.304997;-4.585766;-4.585766;1418122429763
640;-5.7732697;-4.239459;-4.239459;1418122429783
641;-5.0351624;-3.8536854;-3.8536854;1418122429803
642;-4.2147913;-3.6182199;-3.6182199;1418122429823
643;-4.073316;-3.6927834;-3.6927834;1418122429843
644;-4.1689343;-3.9336987;-3.9336987;1418122429862
645;-3.3888268;-3.5201187;-3.5201187;1418122429883
646;-2.6179495;-3.422391;-3.422391;1418122429904
647;-1.893579;-3.667553;-3.667553;1418122429921
648;-0.8319168;-3.7536426;-3.7536426;1418122429942
649;-0.49900246;-3.711166;-3.711166;1418122429961
650;-1.2373571;-4.171485;-4.171485;1418122429981
651;-1.7703142;-4.637588;-4.637588;1418122430001
652;-1.7171154;-5.312464;-5.312464;1418122430022
653;-0.71773815;-5.106391;-5.106391;1418122430040
654;-0.6354933;-5.5817323;-5.5817323;1418122430060
655;-0.9790659;-5.925188;-5.925188;1418122430080
656;-0.038523674;-5.796269;-5.796269;1418122430100
657;1.2973671;-4.9857593;-4.9857593;1418122430121
658;1.4059277;-4.8816996;-4.8816996;1418122430139
659;1.2703981;-5.2127843;-5.2127843;1418122430159
660;1.1066704;-5.5244102;-5.5244102;1418122430179
661;2.224846;-4.980136;-4.980136;1418122430199
662;3.4794292;-3.8849683;-3.8849683;1418122430218
663;3.2223682;-3.86171;-3.86171;1418122430244
664;3.1048622;-3.8387256;-3.8387256;1418122430258
665;3.0869656;-4.1949606;-4.1949606;1418122430278
666;3.8328075;-4.1013474;-4.1013474;1418122430298
667;4.867096;-3.318183;-3.318183;1418122430317
668;5.2953043;-3.1683779;-3.1683779;1418122430337
669;5.177827;-3.4251475;-3.4251475;1418122430356
670;5.378489;-3.5656786;-3.5656786;1418122430376
671;5.7779894;-3.1548128;-3.1548128;1418122430396
672;5.6067595;-2.81989;-2.81989;1418122430416
673;5.0775566;-2.661027;-2.661027;1418122430437
674;5.7369537;-1.7253942;-1.7253942;1418122430465
675;6.451976;-1.0089436;-1.0089436;1418122430476
676;6.8113093;-0.24981785;-0.24981785;1418122430495
677;6.9354916;0.5442047;0.5442047;1418122430515
678;7.1365085;0.8078575;0.8078575;1418122430535
679;7.7026043;1.5619898;1.5619898;1418122430555
680;8.035017;1.8346348;1.8346348;1418122430574
681;8.11966;2.1298618;2.1298618;1418122430594
682;7.754331;2.0287008;2.0287008;1418122430614
683;7.766789;1.5636902;1.5636902;1418122430635
684;7.2347655;0.77927303;0.77927303;1418122430654
685;7.1501956;0.8304968;0.8304968;1418122430674
686;7.4329915;0.70543575;0.70543575;1418122430693
687;7.158778;0.33798313;0.33798313;1418122430713
688;6.923441;-0.22918415;-0.22918415;1418122430732
689;6.626367;-0.6101818;-0.6101818;1418122430753
690;6.653874;-1.1572971;-1.1572971;1418122430778
691;6.459225;-1.7904615;-1.7904615;1418122430798
692;6.173729;-2.298359;-2.298359;1418122430811
693;5.6853333;-2.747899;-2.747899;1418122430831
694;5.261874;-2.8835297;-2.8835297;1418122430851
695;5.0696464;-3.3473701;-3.3473701;1418122430870
696;5.086867;-3.890997;-3.890997;1418122430891
697;4.757146;-4.431342;-4.431342;1418122430910
698;4.631159;-5.1663604;-5.1663604;1418122430930
699;4.555486;-5.757501;-5.757501;1418122430950
700;4.6682935;-5.931319;-5.931319;1418122430971
701;5.537425;-6.039802;-6.039802;1418122430998
702;5.0896053;-7.060169;-7.060169;1418122431013
703;3.7920094;-8.07119;-8.07119;1418122431028
704;4.1615705;-8.233718;-8.233718;1418122431048
705;4.492675;-8.372277;-8.372277;1418122431068
706;4.578924;-8.511357;-8.511357;1418122431088
707;2.7894192;-9.297902;-9.297902;1418122431108
708;1.1384001;-9.6335745;-9.6335745;1418122431126
709;0.7299595;-9.06118;-9.06118;1418122431148
710;-1.2007046;-9.264821;-9.264821;1418122431170
711;-3.2622147;-9.389155;-9.389155;1418122431188
712;-4.786195;-8.986467;-8.986467;1418122431209
713;-5.458931;-8.30981;-8.30981;1418122431233
714;-5.712694;-7.684744;-7.684744;1418122431248
715;-5.9404516;-7.0594177;-7.0594177;1418122431269
716;-6.436644;-6.6574535;-6.6574535;1418122431286
717;-6.9847417;-6.1219974;-6.1219974;1418122431306
718;-6.6564455;-5.399196;-5.399196;1418122431326
719;-6.0664988;-4.6365714;-4.6365714;1418122431345
720;-6.026762;-4.579209;-4.579209;1418122431365
721;-6.0648227;-4.5724626;-4.5724626;1418122431385
722;-5.970005;-4.628006;-4.628006;1418122431405
723;-5.0855384;-4.3891473;-4.3891473;1418122431424
724;-4.3552;-4.12361;-4.12361;1418122431444
725;-3.487853;-3.9756413;-3.9756413;1418122431464
726;-2.9481182;-4.0835447;-4.0835447;1418122431484
727;-2.554431;-3.88057;-3.88057;1418122431504
728;-1.9687767;-3.8387752;-3.8387752;1418122431524
729;-0.34467506;-3.618506;-3.618506;1418122431545
730;0.755075;-3.1990142;-3.1990142;1418122431562
731;0.72248125;-3.3233614;-3.3233614;1418122431584
732;-0.266675;-3.9053807;-3.9053807;1418122431603
733;0.25423336;-4.0418873;-4.0418873;1418122431623
734;2.2647142;-3.108582;-3.108582;1418122431642
735;2.1327257;-2.8731947;-2.8731947;1418122431661
736;0.66893196;-2.97736;-2.97736;1418122431681
737;-0.8043823;-3.7031138;-3.7031138;1418122431701
738;-1.1673031;-4.09262;-4.09262;1418122431721
739;0.043948174;-4.0652657;-4.0652657;1418122431741
740;1.2963839;-3.4167743;-3.4167743;1418122431761
741;0.5573969;-3.4719892;-3.4719892;1418122431781
742;0.22146225;-3.764664;-3.764664;1418122431802
743;0.23039055;-3.9193428;-3.9193428;1418122431822
744;1.5215693;-4.0889244;-4.0889244;1418122431840
745;2.5834475;-3.2688599;-3.2688599;1418122431860
746;1.6087217;-3.5359883;-3.5359883;1418122431883
747;1.936471;-4.4170294;-4.4170294;1418122431899
748;4.0571785;-2.623702;-2.623702;1418122431920
749;0.5602169;-4.8319163;-4.8319163;1418122431939
750;3.290226;-3.3927126;-3.3927126;1418122431959
751;5.105305;0.22407818;0.22407818;1418122431986
752;4.144088;-0.75557375;-0.75557375;1418122432002
753;3.135971;-0.72722816;-0.72722816;1418122432021
754;2.7792149;-2.0032902;-2.0032902;1418122432036
755;1.7691188;-2.3146844;-2.3146844;1418122432058
756;2.5978494;-2.3073225;-2.3073225;1418122432077
757;2.2120361;-3.1047902;-3.1047902;1418122432096
758;3.614479;-1.8673897;-1.8673897;1418122432116
759;4.0476213;-1.4298458;-1.4298458;1418122432136
760;5.632602;-0.5240221;-0.5240221;1418122432156
761;5.7908664;-0.20227432;-0.20227432;1418122432176
762;5.9712152;1.2076063;1.2076063;1418122432197
763;5.579097;1.363842;1.363842;1418122432215
764;3.9126034;0.09443569;0.09443569;1418122432235
765;2.2576787;-0.47732067;-0.47732067;1418122432255
766;4.5023985;1.0624905;1.0624905;1418122432279
767;4.0424786;1.154211;1.154211;1418122432298
768;3.7572155;1.6276951;1.6276951;1418122432314
769;2.0015028;1.3753233;1.3753233;1418122432333
770;3.078904;1.6301117;1.6301117;1418122432354
771;2.5866244;0.64435005;0.64435005;1418122432374
772;0.6598611;0.38333035;0.38333035;1418122432394
773;-0.796083;-0.30101871;-0.30101871;1418122432414
774;-0.39099598;0.3676567;0.3676567;1418122432432
775;-0.24588156;0.8773756;0.8773756;1418122432453
776;0.077038765;0.26006317;0.26006317;1418122432474
777;-0.02676487;0.6207552;0.6207552;1418122432497
778;-0.880615;-0.23666859;-0.23666859;1418122432517
779;-2.0942922;0.11003971;0.11003971;1418122432532
780;-0.98218226;0.17080879;0.17080879;1418122432551
781;-1.5730422;-0.013049126;-0.013049126;1418122432571
782;-0.5070243;0.5424547;0.5424547;1418122432591
783;1.1814384;0.87191963;0.87191963;1418122432611
784;1.8168943;1.1810579;1.1810579;1418122432632
785;0.8668058;0.46087074;0.46087074;1418122432650
786;-0.52070475;-0.4574957;-0.4574957;1418122432670
787;-0.8591275;-0.50079346;-0.50079346;1418122432690
788;-0.852839;0.005399704;0.005399704;1418122432710
789;-1.0542169;-0.14684105;-0.14684105;1418122432730
790;-0.47661734;-0.05243683;-0.05243683;1418122432749
791;-0.9053886;-0.4381628;-0.4381628;1418122432769
792;0.17331243;0.29106712;0.29106712;1418122432789
793;-0.38836956;-0.027356148;-0.027356148;1418122432809
794;-0.14023829;-0.4192028;-0.4192028;1418122432829
795;-1.1871705;-0.42484856;-0.42484856;1418122432850
796;-0.24690938;-0.20366955;-0.20366955;1418122432867
797;0.35036755;-0.21515179;-0.21515179;1418122432887
798;-0.10755229;0.2889185;0.2889185;1418122432908
799;-0.7289393;-1.4772406;-1.4772406;1418122432928
800;0.18998885;0.70023346;0.70023346;1418122432946
801;-0.1956513;0.36793804;0.36793804;1418122432966
802;0.7640798;0.71952057;0.71952057;1418122432985
803;0.90184665;-0.04336834;-0.04336834;1418122433006
804;1.0045972;0.36729145;0.36729145;1418122433026
805;0.6440451;-0.32696915;-0.32696915;1418122433046
806;1.3752265;0.5998516;0.5998516;1418122433065
807;0.22683024;0.85087204;0.85087204;1418122433084
808;4.2210474;1.5597324;1.5597324;1418122433105
809;-0.41237116;0.29690742;0.29690742;1418122433124
810;2.2905884;3.7730665;3.7730665;1418122433144
811;-1.9705241;-0.81081295;-0.81081295;1418122433164
812;-1.1824036;-0.20060825;-0.20060825;1418122433183
813;0.349123;0.11049461;0.11049461;1418122433204
814;1.5653911;0.18015003;0.18015003;1418122433223
815;0.7717781;0.35098934;0.35098934;1418122433243
816;0.61320925;0.20866203;0.20866203;1418122433264
817;0.31142044;0.33459473;0.33459473;1418122433282
818;1.8075528;-0.4255228;-0.4255228;1418122433302
819;-0.77637386;0.15650845;0.15650845;1418122433323
820;-1.0770192;0.9072399;0.9072399;1418122433341
821;-1.9287658;-0.6219053;-0.6219053;1418122433362
822;1.9943719;0.51740646;0.51740646;1418122433381
823;1.2607889;0.18579102;0.18579102;1418122433401
824;-0.4232087;-0.03477192;-0.03477192;1418122433421
825;-0.9694543;0.053643227;0.053643227;1418122433440
826;1.1078091;-1.3422165;-1.3422165;1418122433461
827;1.5260797;0.52190113;0.52190113;1418122433481
828;1.3541188;0.9926214;0.9926214;1418122433500
829;-0.3761716;-0.068086624;-0.068086624;1418122433520
830;-1.0666823;-0.11656666;-0.11656666;1418122433539
831;1.033649;0.6353531;0.6353531;1418122433560
832;1.7846684;0.879056;0.879056;1418122433579
833;0.34287786;0.2908888;0.2908888;1418122433599
834;0.20623207;0.14217377;0.14217377;1418122433618
835;0.23365307;0.27087116;0.27087116;1418122433638
836;0.46435833;0.17556572;0.17556572;1418122433658
837;1.2970362;-0.012716293;-0.012716293;1418122433678
838;0.7816992;0.008701324;0.008701324;1418122433698
839;0.7350278;0.40579128;0.40579128;1418122433718
840;0.70711803;0.20216084;0.20216084;1418122433737
841;0.9452791;0.45149136;0.45149136;1418122433757
842;1.34162;0.5248184;0.5248184;1418122433777
843;0.95650387;-0.95977116;-0.95977116;1418122433797
844;0.55946016;0.45556974;0.45556974;1418122433816
845;0.25924635;0.2877245;0.2877245;1418122433836
846;0.33757448;0.6086011;0.6086011;1418122433856
847;0.22606182;0.6099467;0.6099467;1418122433876
848;-0.7448287;-0.042838097;-0.042838097;1418122433896
849;-3.8897548;-1.0239482;-1.0239482;1418122433915
850;-2.5927873;-0.2970214;-0.2970214;1418122433935
851;-0.8408818;0.7409239;0.7409239;1418122433955
852;3.1944256;0.88135004;0.88135004;1418122433975
853;2.350277;0.6118064;0.6118064;1418122433995
854;2.636198;1.3398147;1.3398147;1418122434014
855;2.2701998;0.079034805;0.079034805;1418122434034
856;1.7787695;0.34713602;0.34713602;1418122434054
857;-1.5028591;0.8013153;0.8013153;1418122434073
858;2.8808055;1.4741459;1.4741459;1418122434093
859;4.0719905;1.8438973;1.8438973;1418122434113
860;2.6551828;1.4101114;1.4101114;1418122434133
861;1.5503297;1.3459005;1.3459005;1418122434153
862;-0.19148302;-0.09944248;-0.09944248;1418122434172
863;-1.6007948;-1.0019298;-1.0019298;1418122434192
864;-2.445436;-0.9147773;-0.9147773;1418122434212
865;-2.37357;-0.833117;-0.833117;1418122434232
866;-3.3535066;-1.3590379;-1.3590379;1418122434252
867;-3.7133117;-1.4697254;-1.4697254;1418122434271
868;-2.8868318;-0.72371984;-0.72371984;1418122434291
869;-2.3870368;-0.50517344;-0.50517344;1418122434311
870;0.20904636;0.35596275;0.35596275;1418122434331
871;0.91137457;0.46123934;0.46123934;1418122434352
872;0.9622402;0.024509907;0.024509907;1418122434370
873;0.02052927;0.8214574;0.8214574;1418122434390
874;-0.35361195;-0.96429014;-0.96429014;1418122434410
875;-0.6156883;-1.1398301;-1.1398301;1418122434430
876;0.705554;-0.62548256;-0.62548256;1418122434449
877;0.9449296;-1.250824;-1.250824;1418122434470
878;0.47424126;-1.206923;-1.206923;1418122434495
879;-0.10507345;-0.7502363;-0.7502363;1418122434508
880;-0.2591343;-0.728616;-0.728616;1418122434529
881;-0.24618244;-0.38588715;-0.38588715;1418122434548
882;-0.054041862;-0.43994808;-0.43994808;1418122434568
883;-1.6789598;-1.851697;-1.851697;1418122434587
884;-2.3125825;-2.3815308;-2.3815308;1418122434610
885;-1.9123578;-2.0055656;-2.0055656;1418122434627
886;-0.6962395;-1.4267154;-1.4267154;1418122434646
887;0.31459904;-0.8147502;-0.8147502;1418122434667
888;0.020090103;-1.2052782;-1.2052782;1418122434686
889;0.40475178;-1.1047089;-1.1047089;1418122434705
890;0.91519165;-0.6027279;-0.6027279;1418122434726
891;1.0148239;-0.66818106;-0.66818106;1418122434746
892;1.0289359;-0.44560564;-0.44560564;1418122434766
893;0.5651684;-0.5239798;-0.5239798;1418122434786
894;-0.073973656;-0.61157477;-0.61157477;1418122434805
895;-0.45974588;-0.7808598;-0.7808598;1418122434825
896;-0.52564;-0.8319808;-0.8319808;1418122434845
897;-0.67102385;-0.7857404;-0.7857404;1418122434865
898;-0.51242065;-0.636564;-0.636564;1418122434884
899;0.041520596;-0.31511986;-0.31511986;1418122434903
900;0.45535135;0.0814352;0.0814352;1418122434924
901;0.8961363;0.5788264;0.5788264;1418122434943
902;0.22589159;0.29745436;0.29745436;1418122434964
903;-0.55176544;0.0625875;0.0625875;1418122434983
904;-0.22883654;0.3739246;0.3739246;1418122435003
905;-0.17021513;0.2558428;0.2558428;1418122435023
906;-0.5774865;0.011076927;0.011076927;1418122435042
907;-0.90058184;-0.092463255;-0.092463255;1418122435062
908;-0.7423105;-0.040377617;-0.040377617;1418122435082
909;-0.6873641;-0.08358216;-0.08358216;1418122435103
910;-0.9055815;-0.1746552;-0.1746552;1418122435122
911;-0.8380008;-0.10155392;-0.10155392;1418122435141
912;-0.6186962;-0.10774052;-0.10774052;1418122435161
913;-0.57626104;-0.10154295;-0.10154295;1418122435181
914;-0.6505699;-0.21279788;-0.21279788;1418122435200
915;-0.5030818;-0.0372566;-0.0372566;1418122435221
916;-0.2834916;0.12842607;0.12842607;1418122435240
917;-0.023798466;0.29424787;0.29424787;1418122435260
918;-0.040431976;0.3134632;0.3134632;1418122435280
919;-0.3077259;0.25583827;0.25583827;1418122435299
920;-0.2661214;0.21685773;0.21685773;1418122435320
921;-0.2389965;0.22968799;0.22968799;1418122435339
922;-0.31243944;0.24154866;0.24154866;1418122435358
923;-0.53988695;0.06407642;0.06407642;1418122435378
924;-0.75800705;-0.07887113;-0.07887113;1418122435398
925;-0.89141893;-0.13100398;-0.13100398;1418122435418
926;-0.6914544;-0.102552235;-0.102552235;1418122435438
927;-0.20866299;0.024465322;0.024465322;1418122435458
928;0.23317385;0.33967584;0.33967584;1418122435477
