111;x;y;z;time
0;0.09642786;-0.18261433;-0.18261433;1418122629110
1;0.35773963;0.045422554;0.045422554;1418122629131
2;0.55381393;0.08468056;0.08468056;1418122629150
3;0.6971899;0.064795494;0.064795494;1418122629170
4;0.46325886;-0.17895699;-0.17895699;1418122629189
5;0.3449359;-0.28540993;-0.28540993;1418122629210
6;0.3503379;-0.291543;-0.291543;1418122629229
7;0.8228533;-0.12819862;-0.12819862;1418122629249
8;1.0774133;-0.011943817;-0.011943817;1418122629269
9;1.2281584;0.11025047;0.11025047;1418122629289
10;1.0541031;0.0820837;0.0820837;1418122629308
11;0.8429595;-0.0027532578;-0.0027532578;1418122629328
12;0.6798333;-0.07248688;-0.07248688;1418122629348
13;0.77235955;-0.0066051483;-0.0066051483;1418122629368
14;1.9234275;0.16434765;0.16434765;1418122629387
15;2.2586641;0.11490154;0.11490154;1418122629407
16;1.2466161;-0.57322025;-0.57322025;1418122629427
17;0.8349097;-0.79130363;-0.79130363;1418122629446
18;1.1148865;-0.7488117;-0.7488117;1418122629466
19;0.8361337;-0.7170582;-0.7170582;1418122629486
20;1.1721952;-0.7156029;-0.7156029;1418122629506
21;1.0509965;-0.92568016;-0.92568016;1418122629525
22;0.6336045;-1.3687563;-1.3687563;1418122629545
23;0.50940776;-1.2087831;-1.2087831;1418122629565
24;0.9738927;-1.1037369;-1.1037369;1418122629585
25;0.30876446;-1.5355358;-1.5355358;1418122629605
26;0.23437548;-1.4517965;-1.4517965;1418122629625
27;0.12995052;-1.2474174;-1.2474174;1418122629645
28;1.0204501;-1.1872063;-1.1872063;1418122629664
29;1.1299124;-1.5291786;-1.5291786;1418122629684
30;0.29507113;-1.9942398;-1.9942398;1418122629704
31;-0.5226798;-2.171978;-2.171978;1418122629725
32;-0.47096062;-1.6630268;-1.6630268;1418122629743
33;0.39107037;-1.4018717;-1.4018717;1418122629763
34;0.8972697;-1.2296095;-1.2296095;1418122629782
35;-0.18408298;-2.5360522;-2.5360522;1418122629802
36;-0.64866924;-2.3455868;-2.3455868;1418122629822
37;-1.3251791;-2.249086;-2.249086;1418122629842
38;-1.2309761;-2.0071473;-2.0071473;1418122629861
39;-0.5520086;-1.7008233;-1.7008233;1418122629881
40;-0.16790581;-1.3722625;-1.3722625;1418122629901
41;-1.4107771;-1.8247831;-1.8247831;1418122629921
42;-0.11101055;-1.5270007;-1.5270007;1418122629941
43;-0.93837166;-1.8109252;-1.8109252;1418122629960
44;-1.1841335;-1.707747;-1.707747;1418122629980
45;-1.2874613;-1.5340997;-1.5340997;1418122630000
46;-1.7799196;-1.4187317;-1.4187317;1418122630020
47;-1.8454857;-1.5921834;-1.5921834;1418122630040
48;-1.6036558;-1.462696;-1.462696;1418122630059
49;-1.9802942;-1.28268;-1.28268;1418122630079
50;-2.8965855;-1.4490232;-1.4490232;1418122630099
51;-3.3013363;-1.3485951;-1.3485951;1418122630119
52;-2.7209415;-1.07686;-1.07686;1418122630139
53;-2.5174513;-1.1966969;-1.1966969;1418122630158
54;-2.4760237;-1.0434726;-1.0434726;1418122630178
55;-2.2029734;-0.6850606;-0.6850606;1418122630198
56;-2.5680523;-0.95323145;-0.95323145;1418122630217
57;-1.8519926;-0.79595745;-0.79595745;1418122630238
58;-2.5289545;-0.884918;-0.884918;1418122630257
59;-3.6602364;-0.9424498;-0.9424498;1418122630277
60;-4.5977373;-1.2038605;-1.2038605;1418122630296
61;-5.0053205;-1.2115307;-1.2115307;1418122630316
62;-4.5518913;-1.1095178;-1.1095178;1418122630336
63;-3.1812763;-0.73542213;-0.73542213;1418122630356
64;-2.4959698;-0.86089635;-0.86089635;1418122630376
65;-2.399335;-0.911505;-0.911505;1418122630395
66;-2.6560364;-1.0365796;-1.0365796;1418122630415
67;-2.5942268;-0.9497695;-0.9497695;1418122630436
68;-2.5993404;-1.3903434;-1.3903434;1418122630455
69;-1.5205097;-0.94616175;-0.94616175;1418122630475
70;-0.15554142;-0.76197225;-0.76197225;1418122630495
71;-0.021866798;-0.6250357;-0.6250357;1418122630514
72;-0.863781;-0.7413622;-0.7413622;1418122630534
73;-2.086238;-1.410662;-1.410662;1418122630554
74;-1.3334742;-1.2340504;-1.2340504;1418122630573
75;-0.29641342;-1.0767806;-1.0767806;1418122630593
76;0.3283224;-0.993293;-0.993293;1418122630613
77;0.21272373;-1.0642189;-1.0642189;1418122630632
78;-0.47011185;-1.525394;-1.525394;1418122630652
79;-0.6039419;-1.8340069;-1.8340069;1418122630672
80;0.3077364;-1.5244356;-1.5244356;1418122630692
81;1.4614859;-0.98110485;-0.98110485;1418122630712
82;0.2752552;-1.2229586;-1.2229586;1418122630732
83;-0.8387451;-1.7015846;-1.7015846;1418122630751
84;-0.91668606;-1.7635174;-1.7635174;1418122630771
85;-0.3723135;-1.7844319;-1.7844319;1418122630791
86;1.1053858;-1.3398814;-1.3398814;1418122630811
87;0.88626957;-1.2151413;-1.2151413;1418122630830
88;-0.25865936;-1.3665881;-1.3665881;1418122630850
89;-1.3065062;-2.0183768;-2.0183768;1418122630870
90;-0.6116967;-2.1089945;-2.1089945;1418122630890
91;0.41244078;-1.794311;-1.794311;1418122630910
92;1.1505117;-1.5267196;-1.5267196;1418122630930
93;0.60346127;-1.3947444;-1.3947444;1418122630949
94;-0.021959305;-1.7855005;-1.7855005;1418122630968
95;0.6348138;-1.8428569;-1.8428569;1418122630988
96;2.2907548;-1.1688828;-1.1688828;1418122631008
97;2.0699615;-0.6567869;-0.6567869;1418122631028
98;0.2434516;-1.4284506;-1.4284506;1418122631048
99;-0.9788213;-3.1530366;-3.1530366;1418122631067
100;0.31977797;-3.4285088;-3.4285088;1418122631087
101;2.7323122;-2.277893;-2.277893;1418122631107
102;5.19862;-0.59818363;-0.59818363;1418122631127
103;4.4987936;-0.49512386;-0.49512386;1418122631147
104;3.0626493;-1.2606802;-1.2606802;1418122631166
105;2.2586608;-1.2309942;-1.2309942;1418122631186
106;1.8563168;-1.374568;-1.374568;1418122631206
107;2.5958476;-0.9748316;-0.9748316;1418122631226
108;3.5897503;-0.091368675;-0.091368675;1418122631246
109;3.3557835;0.0048513412;0.0048513412;1418122631265
110;2.0972204;-0.5216446;-0.5216446;1418122631285
111;2.5229154;-0.20880127;-0.20880127;1418122631305
112;3.500215;0.5774193;0.5774193;1418122631325
113;3.4006655;0.7088642;0.7088642;1418122631345
114;2.7480388;0.3019247;0.3019247;1418122631364
115;2.0458314;0.27200127;0.27200127;1418122631384
116;1.5953708;0.032751083;0.032751083;1418122631403
117;1.2716279;-0.049263;-0.049263;1418122631423
118;1.4320772;0.18287754;0.18287754;1418122631443
119;1.7661092;0.3877983;0.3877983;1418122631463
120;1.5505278;0.15011215;0.15011215;1418122631483
121;1.9947084;0.27415562;0.27415562;1418122631502
122;2.1708422;0.3366928;0.3366928;1418122631522
123;2.183427;0.14896297;0.14896297;1418122631542
124;3.0430503;0.26555824;0.26555824;1418122631562
125;3.7476368;-0.06383133;-0.06383133;1418122631582
126;3.8602285;-0.3115101;-0.3115101;1418122631602
127;4.006484;-0.39966583;-0.39966583;1418122631622
128;3.8814418;-0.656374;-0.656374;1418122631641
129;4.0174513;-0.92183113;-0.92183113;1418122631661
130;4.357727;-1.2014465;-1.2014465;1418122631681
131;4.655544;-1.4071703;-1.4071703;1418122631701
132;4.145875;-1.9257011;-1.9257011;1418122631720
133;2.9538186;-2.4385338;-2.4385338;1418122631740
134;1.5781488;-2.849393;-2.849393;1418122631760
135;1.2002506;-2.7119265;-2.7119265;1418122631780
136;2.2765632;-2.3552856;-2.3552856;1418122631800
137;3.0120244;-2.1526723;-2.1526723;1418122631820
138;1.8355174;-2.936389;-2.936389;1418122631843
139;0.39080858;-3.604546;-3.604546;1418122631859
140;-0.7543802;-3.9309707;-3.9309707;1418122631880
141;-0.391253;-3.4778013;-3.4778013;1418122631899
142;-0.07230282;-3.0563655;-3.0563655;1418122631920
143;-0.5538883;-2.9847298;-2.9847298;1418122631937
144;-1.2751169;-2.6730318;-2.6730318;1418122631957
145;-2.3794289;-2.8771286;-2.8771286;1418122631978
146;-2.615161;-2.6867368;-2.6867368;1418122631997
147;-1.3703241;-2.199363;-2.199363;1418122632016
148;-0.81857777;-2.088658;-2.088658;1418122632036
149;-1.0644484;-2.0468414;-2.0468414;1418122632056
150;-2.46918;-2.2306235;-2.2306235;1418122632076
151;-2.4524374;-1.7637433;-1.7637433;1418122632096
152;-1.222887;-1.4018098;-1.4018098;1418122632116
153;-1.5769482;-1.3493613;-1.3493613;1418122632135
154;-1.9405537;-1.4141505;-1.4141505;1418122632155
155;-2.556755;-1.4957439;-1.4957439;1418122632174
156;-2.4425278;-1.3670219;-1.3670219;1418122632194
157;-1.5347948;-1.058278;-1.058278;1418122632214
158;-1.834857;-1.0878668;-1.0878668;1418122632234
159;-2.6348734;-1.1841128;-1.1841128;1418122632254
160;-3.5689783;-1.3542672;-1.3542672;1418122632273
161;-4.0462074;-1.3242338;-1.3242338;1418122632295
162;-3.7942448;-0.95191574;-0.95191574;1418122632313
163;-3.5286293;-0.8254583;-0.8254583;1418122632334
164;-3.3026257;-0.9424616;-0.9424616;1418122632353
165;-3.392827;-0.81986403;-0.81986403;1418122632373
166;-3.915454;-1.1344036;-1.1344036;1418122632394
167;-4.4909096;-1.1819777;-1.1819777;1418122632418
168;-4.7030535;-1.3410922;-1.3410922;1418122632432
169;-3.8161383;-1.6315056;-1.6315056;1418122632451
170;-1.1902266;-0.71264875;-0.71264875;1418122632472
171;-0.6753998;-0.66615915;-0.66615915;1418122632491
172;-1.4772396;-0.8829229;-0.8829229;1418122632510
173;-2.5251951;-1.2382739;-1.2382739;1418122632531
174;-2.4875193;-1.3195165;-1.3195165;1418122632551
175;-0.88865757;-0.97422856;-0.97422856;1418122632571
176;-0.531744;-1.0420861;-1.0420861;1418122632590
177;-0.54810905;-0.90441066;-0.90441066;1418122632610
178;-1.8669252;-1.3300039;-1.3300039;1418122632629
179;-2.3410912;-1.6566033;-1.6566033;1418122632649
180;-1.421588;-1.5671406;-1.5671406;1418122632669
181;0.04551506;-0.95211136;-0.95211136;1418122632689
182;-0.306221;-1.0311451;-1.0311451;1418122632709
183;-1.3499851;-1.29754;-1.29754;1418122632729
184;-2.4076614;-1.87116;-1.87116;1418122632748
185;-1.7236519;-1.8591673;-1.8591673;1418122632768
186;-0.6874342;-1.8183849;-1.8183849;1418122632788
187;-0.07701397;-1.6331336;-1.6331336;1418122632808
188;-0.40825653;-1.6904049;-1.6904049;1418122632837
189;-0.8547697;-1.9290233;-1.9290233;1418122632848
190;-0.9259014;-2.1544652;-2.1544652;1418122632867
191;-0.20652771;-2.2288513;-2.2288513;1418122632887
192;1.3776608;-1.2136316;-1.2136316;1418122632908
193;0.5936403;-1.2479854;-1.2479854;1418122632926
194;-0.44848442;-2.0826364;-2.0826364;1418122632947
195;-1.0042639;-2.6481833;-2.6481833;1418122632967
196;-0.84081316;-2.9432635;-2.9432635;1418122632985
197;0.050731182;-3.0099373;-3.0099373;1418122633006
198;1.4551768;-2.5613594;-2.5613594;1418122633026
199;2.0609188;-2.1525269;-2.1525269;1418122633045
200;1.725143;-2.1266823;-2.1266823;1418122633065
201;2.0524645;-2.5305185;-2.5305185;1418122633086
202;3.3075051;-2.4410915;-2.4410915;1418122633105
203;6.010055;-1.3735647;-1.3735647;1418122633125
204;8.350195;0.91959953;0.91959953;1418122633144
205;6.403133;0.37635422;0.37635422;1418122633166
206;4.0970535;-0.61617947;-0.61617947;1418122633183
207;3.0105062;-0.8695841;-0.8695841;1418122633203
208;3.1920567;-0.5263796;-0.5263796;1418122633224
209;2.7669423;-0.16074657;-0.16074657;1418122633243
210;2.400857;0.084695816;0.084695816;1418122633262
211;1.4454601;-0.26953983;-0.26953983;1418122633282
212;1.0568411;-0.3304453;-0.3304453;1418122633302
213;0.96493936;-0.19603157;-0.19603157;1418122633322
214;0.9832392;0.23423576;0.23423576;1418122633342
215;0.9595957;0.20673561;0.20673561;1418122633362
216;1.0912793;0.27963543;0.27963543;1418122633387
217;1.133071;0.16863918;0.16863918;1418122633401
218;0.98284173;0.020851135;0.020851135;1418122633421
219;1.4967271;0.19307423;0.19307423;1418122633441
220;2.1590476;0.30517864;0.30517864;1418122633461
221;2.4261017;0.48055267;0.48055267;1418122633482
222;2.4494946;0.01864338;0.01864338;1418122633507
223;2.4873526;-0.09000683;-0.09000683;1418122633520
224;2.5690947;-0.17333508;-0.17333508;1418122633543
225;2.7815726;-0.3470068;-0.3470068;1418122633559
226;3.5845852;-0.17978382;-0.17978382;1418122633579
227;4.1047897;-0.44339848;-0.44339848;1418122633598
228;4.2273636;-0.57455444;-0.57455444;1418122633618
229;4.319584;-0.79221535;-0.79221535;1418122633639
230;4.2826443;-0.8555546;-0.8555546;1418122633658
231;4.1901474;-1.1868515;-1.1868515;1418122633678
232;3.7627888;-1.3667002;-1.3667002;1418122633697
233;3.4702773;-1.3470583;-1.3470583;1418122633717
234;2.9249668;-1.780179;-1.780179;1418122633739
235;1.6978745;-2.3618164;-2.3618164;1418122633757
236;0.53822184;-2.9559994;-2.9559994;1418122633777
237;0.70984364;-2.2057872;-2.2057872;1418122633801
238;0.4763322;-2.350679;-2.350679;1418122633821
239;0.011444569;-2.3124342;-2.3124342;1418122633836
240;-0.15488863;-2.402938;-2.402938;1418122633855
241;0.19026089;-2.2347784;-2.2347784;1418122633876
242;-0.0070972443;-2.458179;-2.458179;1418122633896
243;0.1295166;-2.0823274;-2.0823274;1418122633915
244;0.2295332;-2.2768807;-2.2768807;1418122633935
245;0.2611704;-2.4584475;-2.4584475;1418122633955
246;0.75804615;-2.2528758;-2.2528758;1418122633974
247;0.83449745;-1.9709656;-1.9709656;1418122633994
248;0.108633995;-2.3956425;-2.3956425;1418122634014
249;-0.36609745;-2.4813516;-2.4813516;1418122634034
250;-0.5338564;-2.6671104;-2.6671104;1418122634054
251;-1.3476515;-2.720728;-2.720728;1418122634073
252;-1.2050781;-2.2708287;-2.2708287;1418122634093
253;-1.3933182;-1.8494518;-1.8494518;1418122634113
254;-1.3683004;-2.1554713;-2.1554713;1418122634132
255;-2.7811565;-2.554375;-2.554375;1418122634154
256;-3.873722;-2.5171185;-2.5171185;1418122634172
257;-3.928523;-2.0178518;-2.0178518;1418122634192
258;-4.039797;-1.9924644;-1.9924644;1418122634212
259;-3.906066;-1.6609411;-1.6609411;1418122634231
260;-3.8137426;-1.7597773;-1.7597773;1418122634251
261;-5.0742674;-2.0555744;-2.0555744;1418122634270
262;-5.680213;-2.059582;-2.059582;1418122634290
263;-6.3447475;-2.0822237;-2.0822237;1418122634310
264;-6.8902845;-2.236785;-2.236785;1418122634330
265;-5.798273;-2.007049;-2.007049;1418122634350
266;-4.993926;-1.8337941;-1.8337941;1418122634377
267;-4.8060246;-1.9627855;-1.9627855;1418122634389
268;-4.8916216;-2.2494092;-2.2494092;1418122634409
269;-4.670121;-2.4619749;-2.4619749;1418122634430
270;-3.5075579;-2.4364405;-2.4364405;1418122634448
271;-1.6271791;-1.9800924;-1.9800924;1418122634472
272;-1.0005398;-2.0267353;-2.0267353;1418122634487
273;-1.1285963;-2.0420973;-2.0420973;1418122634507
274;-1.8771276;-2.405417;-2.405417;1418122634527
275;-2.1917524;-2.539176;-2.539176;1418122634547
276;-0.23062515;-2.2972975;-2.2972975;1418122634567
277;1.2066898;-1.7735761;-1.7735761;1418122634586
278;0.56102085;-1.9098037;-1.9098037;1418122634606
279;-0.74577904;-2.2277086;-2.2277086;1418122634626
280;-1.6469736;-2.830313;-2.830313;1418122634646
281;-2.5457335;-3.270006;-3.270006;1418122634665
282;-1.1774197;-3.079664;-3.079664;1418122634685
283;0.35551453;-3.157857;-3.157857;1418122634705
284;1.1022854;-3.1507916;-3.1507916;1418122634725
285;0.3344636;-3.620027;-3.620027;1418122634745
286;-1.0364199;-3.8503995;-3.8503995;1418122634764
287;-1.011179;-4.3569117;-4.3569117;1418122634784
288;0.18109894;-4.580032;-4.580032;1418122634803
289;2.949884;-4.1055117;-4.1055117;1418122634823
290;4.3212824;-2.978365;-2.978365;1418122634844
291;4.1440573;-2.2124805;-2.2124805;1418122634863
292;2.9973555;-2.4474;-2.4474;1418122634883
293;2.8564892;-2.6372204;-2.6372204;1418122634903
294;3.1738024;-2.64009;-2.64009;1418122634922
295;4.1403804;-1.8493719;-1.8493719;1418122634942
296;5.2554197;-1.7439451;-1.7439451;1418122634962
297;6.6564713;-0.8441496;-0.8441496;1418122634983
298;7.1557803;-0.17771244;-0.17771244;1418122635002
299;6.327382;-0.0038690567;-0.0038690567;1418122635021
300;5.1948547;-0.11373806;-0.11373806;1418122635041
301;3.440573;-0.31933784;-0.31933784;1418122635060
302;2.0164466;-0.63142776;-0.63142776;1418122635081
303;1.7183642;-0.5636835;-0.5636835;1418122635101
304;1.976368;-0.12331486;-0.12331486;1418122635121
305;1.6999235;0.042116165;0.042116165;1418122635140
306;1.2193114;-0.08299065;-0.08299065;1418122635159
307;0.9503758;-0.12871838;-0.12871838;1418122635179
308;0.9166945;0.084121704;0.084121704;1418122635199
309;1.6564364;0.22123909;0.22123909;1418122635219
310;2.4890962;0.56920147;0.56920147;1418122635238
311;2.9519806;0.48759937;0.48759937;1418122635258
312;3.1400044;0.41910553;0.41910553;1418122635279
313;2.8494403;0.05348873;0.05348873;1418122635299
314;2.7823997;-0.2845316;-0.2845316;1418122635319
315;3.7669656;-0.17173672;-0.17173672;1418122635338
316;4.0252523;-0.23511791;-0.23511791;1418122635366
317;4.1073713;-0.48261642;-0.48261642;1418122635377
318;3.8603354;-0.7878876;-0.7878876;1418122635398
319;3.8059392;-1.015605;-1.015605;1418122635417
320;3.4559877;-1.2238894;-1.2238894;1418122635438
321;3.0538535;-1.3049145;-1.3049145;1418122635457
322;2.629375;-1.3624287;-1.3624287;1418122635477
323;1.8814564;-1.6353893;-1.6353893;1418122635496
324;1.3862824;-1.8169584;-1.8169584;1418122635516
325;2.0711117;-2.2022972;-2.2022972;1418122635536
326;2.357122;-1.5161171;-1.5161171;1418122635556
327;1.9098234;-2.3372307;-2.3372307;1418122635575
328;1.5410466;-2.241778;-2.241778;1418122635595
329;1.3527293;-2.2828736;-2.2828736;1418122635615
330;1.9297347;-2.2487717;-2.2487717;1418122635635
331;2.0611954;-2.0748715;-2.0748715;1418122635654
332;1.4196787;-2.6001558;-2.6001558;1418122635674
333;0.8393192;-3.345337;-3.345337;1418122635696
334;-0.0021352768;-3.7480516;-3.7480516;1418122635713
335;-0.5156212;-3.3704476;-3.3704476;1418122635734
336;-1.1777725;-3.4749718;-3.4749718;1418122635754
337;-0.67994404;-3.0202794;-3.0202794;1418122635773
338;-0.8260908;-3.1865551;-3.1865551;1418122635793
339;-1.8085155;-3.514823;-3.514823;1418122635813
340;-1.9092579;-3.0430722;-3.0430722;1418122635832
341;-2.803874;-3.2744539;-3.2744539;1418122635852
342;-2.5840664;-2.640728;-2.640728;1418122635872
343;-2.590438;-2.4576483;-2.4576483;1418122635892
344;-2.2093315;-2.2790906;-2.2790906;1418122635913
345;-1.8242855;-1.8005807;-1.8005807;1418122635931
346;-2.3132086;-1.8521782;-1.8521782;1418122635951
347;-3.2341318;-1.855975;-1.855975;1418122635970
348;-3.23664;-1.7917929;-1.7917929;1418122635991
349;-2.9962187;-1.5532262;-1.5532262;1418122636010
350;-3.467698;-1.7197728;-1.7197728;1418122636030
351;-3.1134481;-1.2927675;-1.2927675;1418122636049
352;-3.4856853;-1.3065376;-1.3065376;1418122636070
353;-3.0054464;-1.1810379;-1.1810379;1418122636089
354;-3.5555344;-1.3915806;-1.3915806;1418122636109
355;-4.5917187;-1.5712969;-1.5712969;1418122636136
356;-4.5318346;-1.5402455;-1.5402455;1418122636148
357;-5.011812;-1.8127954;-1.8127954;1418122636167
358;-5.1630716;-1.9964848;-1.9964848;1418122636188
359;-4.408944;-2.0469646;-2.0469646;1418122636209
360;-3.2910242;-1.8775911;-1.8775911;1418122636228
361;-3.39157;-2.1673186;-2.1673186;1418122636247
362;-3.799594;-2.3285346;-2.3285346;1418122636268
363;-4.282398;-2.9535007;-2.9535007;1418122636287
364;-3.655098;-3.501399;-3.501399;1418122636307
365;-2.427452;-3.7868056;-3.7868056;1418122636326
366;-0.96708107;-3.9345856;-3.9345856;1418122636346
367;-0.9993334;-3.996883;-3.996883;1418122636365
368;0.64215755;-3.11091;-3.11091;1418122636385
369;1.1813946;-2.5117621;-2.5117621;1418122636405
370;-0.11222839;-2.4741518;-2.4741518;1418122636425
371;-1.9329624;-3.425799;-3.425799;1418122636445
372;-2.5934887;-3.961626;-3.961626;1418122636465
373;-1.8242512;-4.383334;-4.383334;1418122636484
374;1.5977039;-3.4973984;-3.4973984;1418122636504
375;3.9890652;-1.4804287;-1.4804287;1418122636524
376;2.6613412;-1.1569691;-1.1569691;1418122636544
377;0.10202932;-1.9579859;-1.9579859;1418122636563
378;-1.6928949;-3.0582337;-3.0582337;1418122636583
379;-1.4493561;-3.2298222;-3.2298222;1418122636605
380;0.060275078;-3.0852919;-3.0852919;1418122636623
381;2.7852392;-2.01304;-2.01304;1418122636643
382;3.3993955;-1.4857235;-1.4857235;1418122636662
383;2.615337;-2.7109203;-2.7109203;1418122636682
384;2.4853776;-3.2098255;-3.2098255;1418122636701
385;4.106595;-3.0402298;-3.0402298;1418122636720
386;6.9332705;-2.0680208;-2.0680208;1418122636741
387;8.093413;-0.8889017;-0.8889017;1418122636761
388;7.1308317;-0.6717701;-0.6717701;1418122636781
389;5.259631;-1.3544645;-1.3544645;1418122636800
390;4.175853;-1.6439495;-1.6439495;1418122636820
391;3.6436667;-1.24823;-1.24823;1418122636840
392;2.906898;-0.83165264;-0.83165264;1418122636860
393;2.6940618;-0.36702442;-0.36702442;1418122636879
394;2.2220163;-0.4091301;-0.4091301;1418122636899
395;2.516604;-0.10875416;-0.10875416;1418122636919
396;2.3734784;0.08602905;0.08602905;1418122636939
397;1.8116567;0.27194405;0.27194405;1418122636959
398;2.2968082;0.5526676;0.5526676;1418122636980
399;2.710195;0.79685307;0.79685307;1418122636998
400;2.384767;0.6804066;0.6804066;1418122637018
401;1.5018647;0.07063389;0.07063389;1418122637040
402;1.5013444;0.011779785;0.011779785;1418122637057
403;1.9429791;0.003504753;0.003504753;1418122637078
404;2.6688042;0.18488312;0.18488312;1418122637099
405;3.3766685;0.07024574;0.07024574;1418122637118
406;3.813574;-0.087005615;-0.087005615;1418122637136
407;4.1322155;-0.15931702;-0.15931702;1418122637156
408;3.6252441;-0.7541599;-0.7541599;1418122637175
409;3.6103134;-1.1735754;-1.1735754;1418122637196
410;4.149536;-1.1286669;-1.1286669;1418122637216
411;4.9806848;-0.9155674;-0.9155674;1418122637241
412;4.926229;-1.3328018;-1.3328018;1418122637255
413;3.8411973;-2.1705723;-2.1705723;1418122637274
414;3.4330587;-2.3286438;-2.3286438;1418122637295
415;3.2983108;-2.531188;-2.531188;1418122637314
416;3.7505417;-2.4137163;-2.4137163;1418122637334
417;4.942183;-2.5458384;-2.5458384;1418122637353
418;5.346367;-2.6691957;-2.6691957;1418122637373
419;3.959072;-3.88763;-3.88763;1418122637394
420;1.7353306;-4.9468822;-4.9468822;1418122637413
421;0.7759309;-5.4103785;-5.4103785;1418122637435
422;1.2418528;-4.9178467;-4.9178467;1418122637455
423;0.77283573;-5.06075;-5.06075;1418122637472
424;-0.96074486;-5.559149;-5.559149;1418122637492
425;-2.5458126;-5.1042285;-5.1042285;1418122637512
426;-0.536273;-4.001069;-4.001069;1418122637532
427;-0.24131012;-3.7937913;-3.7937913;1418122637551
428;-2.9534607;-4.8594017;-4.8594017;1418122637572
429;-4.4279366;-4.8459363;-4.8459363;1418122637591
430;-4.5585623;-4.026715;-4.026715;1418122637611
431;-3.8809052;-3.2005486;-3.2005486;1418122637631
432;-3.4682732;-2.463601;-2.463601;1418122637651
433;-3.8058329;-2.5502605;-2.5502605;1418122637673
434;-4.8389587;-2.6988256;-2.6988256;1418122637690
435;-4.9304523;-2.3882556;-2.3882556;1418122637710
436;-4.292083;-1.8938444;-1.8938444;1418122637730
437;-3.4585752;-1.5045471;-1.5045471;1418122637750
438;-2.6104984;-1.118578;-1.118578;1418122637769
439;-3.031495;-1.2262826;-1.2262826;1418122637789
440;-3.8517437;-1.4152186;-1.4152186;1418122637808
441;-4.1591415;-1.4132738;-1.4132738;1418122637828
442;-4.108366;-1.3724837;-1.3724837;1418122637848
443;-3.715516;-1.2088382;-1.2088382;1418122637868
444;-3.127842;-0.9343376;-0.9343376;1418122637890
445;-3.4659176;-1.1390789;-1.1390789;1418122637909
446;-3.5357351;-1.2501192;-1.2501192;1418122637926
447;-3.2660904;-1.3260925;-1.3260925;1418122637947
448;-3.4759674;-1.5687394;-1.5687394;1418122637966
449;-3.476676;-1.6491177;-1.6491177;1418122637986
450;-2.2898836;-1.4014916;-1.4014916;1418122638007
451;-1.8223228;-1.177461;-1.177461;1418122638026
452;-2.210538;-1.3228236;-1.3228236;1418122638046
453;-2.9992075;-1.765944;-1.765944;1418122638066
454;-3.4014416;-2.256783;-2.256783;1418122638085
455;-2.6059809;-2.3289392;-2.3289392;1418122638105
456;-1.672615;-2.1531613;-2.1531613;1418122638125
457;-1.4518423;-1.8717583;-1.8717583;1418122638144
458;-2.7551718;-2.529962;-2.529962;1418122638164
459;-2.7805605;-3.1997168;-3.1997168;1418122638183
460;-1.5330372;-3.3110375;-3.3110375;1418122638204
461;0.036380768;-2.9017165;-2.9017165;1418122638226
462;0.6685543;-2.1575868;-2.1575868;1418122638243
463;-1.1411495;-2.8461356;-2.8461356;1418122638263
464;-1.9520998;-3.5436077;-3.5436077;1418122638282
465;-1.3651781;-3.8303695;-3.8303695;1418122638304
466;0.29059315;-3.7202983;-3.7202983;1418122638322
467;0.9765086;-3.2572532;-3.2572532;1418122638343
468;0.3770237;-3.5317802;-3.5317802;1418122638362
469;-0.04850483;-4.6497526;-4.6497526;1418122638383
470;0.49785757;-4.4544525;-4.4544525;1418122638401
471;1.2802095;-4.5938764;-4.5938764;1418122638421
472;1.4632707;-4.066939;-4.066939;1418122638443
473;1.8862858;-4.146271;-4.146271;1418122638460
474;2.352786;-4.639552;-4.639552;1418122638480
475;4.719679;-4.5559673;-4.5559673;1418122638500
476;8.656506;-2.8842258;-2.8842258;1418122638521
477;10.456215;-0.34214783;-0.34214783;1418122638541
478;9.507845;-0.15116787;-0.15116787;1418122638560
479;7.5535684;-1.108717;-1.108717;1418122638579
480;6.4165316;-1.5918503;-1.5918503;1418122638601
481;5.9393363;-0.7488136;-0.7488136;1418122638619
482;4.91262;-0.20531368;-0.20531368;1418122638639
483;3.536305;-0.09409332;-0.09409332;1418122638658
484;2.9789615;-0.1689272;-0.1689272;1418122638678
485;2.880777;0.15873528;0.15873528;1418122638697
486;2.5767078;0.061427116;0.061427116;1418122638718
487;2.7287025;0.17769623;0.17769623;1418122638738
488;3.2824461;0.5237417;0.5237417;1418122638757
489;3.6962051;0.56212807;0.56212807;1418122638779
490;3.687827;0.5235262;0.5235262;1418122638796
491;3.5934753;0.23804474;0.23804474;1418122638816
492;4.0233746;0.21123981;0.21123981;1418122638836
493;4.4513845;0.084768295;0.084768295;1418122638856
494;4.51789;-0.23248959;-0.23248959;1418122638875
495;4.610944;-0.45606518;-0.45606518;1418122638896
496;4.388509;-0.8317318;-0.8317318;1418122638915
497;3.7035313;-1.2267857;-1.2267857;1418122638935
498;3.5391402;-1.4806156;-1.4806156;1418122638955
499;3.5662253;-1.5971632;-1.5971632;1418122638974
500;3.7451892;-1.6261616;-1.6261616;1418122638995
501;3.4406815;-2.1421404;-2.1421404;1418122639013
502;2.8612738;-2.5276527;-2.5276527;1418122639033
503;2.7354898;-2.8381586;-2.8381586;1418122639053
504;2.8925152;-2.8294392;-2.8294392;1418122639074
505;2.4996257;-3.4360175;-3.4360175;1418122639093
506;2.0803561;-3.5335164;-3.5335164;1418122639112
507;2.516746;-3.4038887;-3.4038887;1418122639132
508;2.5278683;-3.2646003;-3.2646003;1418122639152
509;1.978158;-3.996541;-3.996541;1418122639172
510;1.1748648;-4.499356;-4.499356;1418122639193
511;0.63849545;-4.3407;-4.3407;1418122639213
512;0.6468067;-4.4218187;-4.4218187;1418122639231
513;1.7910681;-4.105204;-4.105204;1418122639251
514;0.98809814;-4.2709885;-4.2709885;1418122639271
515;-1.3198481;-5.4307775;-5.4307775;1418122639289
516;-1.5798616;-4.9112945;-4.9112945;1418122639310
517;-1.3923645;-4.499281;-4.499281;1418122639330
518;-1.2121744;-4.1096168;-4.1096168;1418122639349
519;-2.9155035;-4.8585052;-4.8585052;1418122639369
520;-5.556362;-5.185303;-5.185303;1418122639389
521;-6.2839947;-4.3095703;-4.3095703;1418122639409
522;-4.602357;-3.141097;-3.141097;1418122639429
523;-4.62955;-2.9262204;-2.9262204;1418122639448
524;-5.2869463;-2.9741538;-2.9741538;1418122639468
525;-5.663825;-2.8880901;-2.8880901;1418122639490
526;-5.484702;-2.6486607;-2.6486607;1418122639508
527;-5.000597;-2.284008;-2.284008;1418122639527
528;-4.4307613;-1.9363542;-1.9363542;1418122639547
529;-4.021516;-2.0204735;-2.0204735;1418122639567
530;-4.040145;-1.8704963;-1.8704963;1418122639586
531;-4.956867;-2.2260928;-2.2260928;1418122639607
532;-5.429989;-2.191906;-2.191906;1418122639629
533;-5.5528193;-2.44237;-2.44237;1418122639646
534;-3.3920593;-2.0444374;-2.0444374;1418122639667
535;-1.6364441;-1.7263703;-1.7263703;1418122639686
536;-1.6110249;-1.7446477;-1.7446477;1418122639705
537;-2.4594307;-1.91818;-1.91818;1418122639725
538;-2.984788;-2.288653;-2.288653;1418122639745
539;-2.2894182;-2.3532975;-2.3532975;1418122639767
540;-2.1798067;-2.7122128;-2.7122128;1418122639784
541;-2.0069332;-3.0972729;-3.0972729;1418122639804
542;-2.1378126;-3.5183606;-3.5183606;1418122639824
543;-1.3792238;-2.9420934;-2.9420934;1418122639845
544;-0.83063126;-2.2550473;-2.2550473;1418122639864
545;-1.8098888;-2.935128;-2.935128;1418122639883
546;-2.5049353;-3.8574905;-3.8574905;1418122639903
547;-0.9418669;-3.8374472;-3.8374472;1418122639923
548;0.7045841;-3.168808;-3.168808;1418122639943
549;2.1123953;-1.9977901;-1.9977901;1418122639963
550;1.7473564;-1.7568069;-1.7568069;1418122639985
551;0.5918102;-1.9890518;-1.9890518;1418122640003
552;-2.6281748;-4.1774635;-4.1774635;1418122640021
553;-2.9357548;-3.9963179;-3.9963179;1418122640041
554;-2.0114737;-5.0295696;-5.0295696;1418122640061
555;1.8989654;-4.382187;-4.382187;1418122640081
556;1.6985698;-4.233046;-4.233046;1418122640101
557;0.731606;-4.702008;-4.702008;1418122640121
558;1.6819782;-4.8023295;-4.8023295;1418122640140
559;6.5658875;-3.5582652;-3.5582652;1418122640161
560;8.362837;-2.8708162;-2.8708162;1418122640179
561;7.1933007;-2.5352983;-2.5352983;1418122640200
562;5.4089794;-3.5414476;-3.5414476;1418122640219
563;5.7145233;-3.0119772;-3.0119772;1418122640238
564;5.319765;-2.5787573;-2.5787573;1418122640259
565;6.883486;-1.2908449;-1.2908449;1418122640278
566;7.4596577;-0.4288969;-0.4288969;1418122640298
567;5.7369056;-0.97775555;-0.97775555;1418122640320
568;4.872084;-0.6896095;-0.6896095;1418122640337
569;4.1820874;-0.29860115;-0.29860115;1418122640358
570;3.0235915;-0.6855593;-0.6855593;1418122640377
571;2.6644077;-0.14149952;-0.14149952;1418122640397
572;2.819778;0.22387695;0.22387695;1418122640426
573;2.6685228;0.22707558;0.22707558;1418122640436
574;2.878217;0.6623564;0.6623564;1418122640456
575;2.7152247;0.7477293;0.7477293;1418122640476
576;2.9267092;0.60435677;0.60435677;1418122640495
577;2.7017212;0.35313416;0.35313416;1418122640516
578;2.7225256;0.2614622;0.2614622;1418122640536
579;2.5584977;-0.059311867;-0.059311867;1418122640554
580;2.9440787;-0.27667236;-0.27667236;1418122640574
581;3.5763793;-0.19509125;-0.19509125;1418122640594
582;4.710512;-0.22096157;-0.22096157;1418122640615
583;5.5181913;-0.4617548;-0.4617548;1418122640634
584;5.0064025;-1.1567402;-1.1567402;1418122640655
585;3.9482703;-1.8719969;-1.8719969;1418122640673
586;3.8818934;-1.8862238;-1.8862238;1418122640693
587;4.8824544;-1.5877733;-1.5877733;1418122640713
588;5.618826;-1.5243063;-1.5243063;1418122640733
589;5.1575236;-2.210312;-2.210312;1418122640753
590;2.4650035;-3.7888079;-3.7888079;1418122640772
591;1.226635;-3.9168577;-3.9168577;1418122640792
592;2.7162094;-2.8581467;-2.8581467;1418122640811
593;3.835342;-2.4412556;-2.4412556;1418122640832
594;4.314703;-2.9603896;-2.9603896;1418122640852
595;3.1361642;-3.8054733;-3.8054733;1418122640872
596;0.6441803;-5.0677066;-5.0677066;1418122640890
597;-0.55228615;-4.8468056;-4.8468056;1418122640910
598;-1.0969324;-4.438628;-4.438628;1418122640930
599;1.1609869;-3.2942388;-3.2942388;1418122640950
600;0.16264343;-4.094471;-4.094471;1418122640970
601;-2.380128;-4.995924;-4.995924;1418122640990
602;-2.4005804;-4.975113;-4.975113;1418122641009
603;-2.0160656;-4.5831013;-4.5831013;1418122641032
604;-2.046565;-3.9916053;-3.9916053;1418122641048
605;-1.678937;-3.7799437;-3.7799437;1418122641069
606;-3.0464602;-4.001418;-4.001418;1418122641090
607;-4.4136877;-4.2527943;-4.2527943;1418122641114
608;-4.6316586;-3.5884497;-3.5884497;1418122641138
609;-4.378586;-2.9832788;-2.9832788;1418122641148
610;-2.4324188;-2.226106;-2.226106;1418122641168
611;-4.102295;-2.6457934;-2.6457934;1418122641188
612;-5.7881536;-2.8445003;-2.8445003;1418122641207
613;-5.9854403;-2.4964254;-2.4964254;1418122641227
614;-4.811122;-2.0037017;-2.0037017;1418122641246
615;-4.7540684;-1.8790369;-1.8790369;1418122641266
616;-4.3743753;-1.7545567;-1.7545567;1418122641286
617;-5.4487963;-1.9287233;-1.9287233;1418122641304
618;-6.2665167;-2.1317115;-2.1317115;1418122641325
619;-5.538392;-2.0172503;-2.0172503;1418122641345
620;-4.0838203;-2.1116412;-2.1116412;1418122641365
621;-2.3929977;-1.6019032;-1.6019032;1418122641385
622;-2.925847;-2.0063446;-2.0063446;1418122641404
623;-3.570776;-2.3267639;-2.3267639;1418122641426
624;-3.7794495;-2.5880306;-2.5880306;1418122641444
625;-3.1075983;-2.877429;-2.877429;1418122641464
626;-2.3366117;-3.0712528;-3.0712528;1418122641484
627;-2.4180307;-3.6682062;-3.6682062;1418122641504
628;-3.0518312;-3.7162826;-3.7162826;1418122641523
629;-3.8105936;-3.8642612;-3.8642612;1418122641542
630;-3.4316835;-4.2970376;-4.2970376;1418122641562
631;-2.6804438;-4.233867;-4.233867;1418122641582
632;-1.9960861;-4.186796;-4.186796;1418122641603
633;-1.6750116;-4.11485;-4.11485;1418122641622
634;-1.2133265;-5.2863665;-5.2863665;1418122641642
635;-0.07742119;-5.55906;-5.55906;1418122641661
636;0.65701866;-5.8094287;-5.8094287;1418122641681
637;2.3731651;-5.9025226;-5.9025226;1418122641701
638;3.5851707;-4.8867517;-4.8867517;1418122641722
639;4.3771415;-4.8231115;-4.8231115;1418122641741
640;3.2927637;-5.7361474;-5.7361474;1418122641760
641;1.1059155;-6.592247;-6.592247;1418122641785
642;1.1710858;-6.6596093;-6.6596093;1418122641800
643;4.6080794;-5.5660124;-5.5660124;1418122641820
644;7.3956213;-4.1453114;-4.1453114;1418122641840
645;6.848917;-3.4250422;-3.4250422;1418122641860
646;5.9335895;-3.216383;-3.216383;1418122641878
647;6.2386613;-2.0809498;-2.0809498;1418122641899
648;6.0489855;-2.6804314;-2.6804314;1418122641918
649;6.7286067;-1.5830288;-1.5830288;1418122641939
650;7.5927467;-1.1682196;-1.1682196;1418122641960
651;7.6926656;-0.2053175;-0.2053175;1418122641980
652;6.8322196;0.07380676;0.07380676;1418122641997
653;5.7865076;-0.14815712;-0.14815712;1418122642017
654;5.3553905;-0.2124834;-0.2124834;1418122642037
655;4.6652374;-0.09124279;-0.09124279;1418122642056
656;4.039149;-0.07622528;-0.07622528;1418122642076
657;2.7341099;-0.45030785;-0.45030785;1418122642097
658;2.4810436;-0.29590607;-0.29590607;1418122642115
659;3.1654925;-0.088484764;-0.088484764;1418122642136
660;3.576993;0.06967926;0.06967926;1418122642155
661;3.9113832;0.05587387;0.05587387;1418122642176
662;4.0465784;-0.2774973;-0.2774973;1418122642197
663;4.6396832;-0.50738907;-0.50738907;1418122642215
664;5.0377436;-0.80704784;-0.80704784;1418122642234
665;5.68926;-1.3970242;-1.3970242;1418122642254
666;5.5794296;-1.9188414;-1.9188414;1418122642274
667;5.943341;-1.7867384;-1.7867384;1418122642294
668;5.446964;-2.0365973;-2.0365973;1418122642313
669;5.2553654;-2.3360348;-2.3360348;1418122642333
670;4.675436;-2.8851795;-2.8851795;1418122642352
671;4.6016583;-3.4062214;-3.4062214;1418122642373
672;3.6020947;-4.000598;-4.000598;1418122642393
673;3.518332;-4.0430527;-4.0430527;1418122642411
674;3.5471401;-4.4131308;-4.4131308;1418122642435
675;3.7999344;-4.267369;-4.267369;1418122642452
676;3.9263592;-4.7408876;-4.7408876;1418122642471
677;3.3603954;-4.992236;-4.992236;1418122642491
678;1.5256033;-5.711979;-5.711979;1418122642511
679;0.43498707;-6.44479;-6.44479;1418122642531
680;-0.82821465;-6.479133;-6.479133;1418122642550
681;-2.4914064;-6.178172;-6.178172;1418122642570
682;-2.4713316;-5.500175;-5.500175;1418122642590
683;-1.2278442;-5.082626;-5.082626;1418122642613
684;-2.456213;-5.2686405;-5.2686405;1418122642632
685;-4.6121626;-5.5362787;-5.5362787;1418122642650
686;-6.0982685;-4.8527064;-4.8527064;1418122642669
687;-6.807707;-4.108344;-4.108344;1418122642689
688;-5.9797297;-3.5145097;-3.5145097;1418122642709
689;-5.2506657;-2.7849305;-2.7849305;1418122642729
690;-6.054223;-2.7642796;-2.7642796;1418122642756
691;-6.8945465;-2.60962;-2.60962;1418122642768
692;-6.746274;-2.3053234;-2.3053234;1418122642788
693;-6.646018;-1.9593647;-1.9593647;1418122642807
694;-5.339652;-1.6284685;-1.6284685;1418122642827
695;-4.1362953;-1.4813054;-1.4813054;1418122642847
696;-3.8340197;-1.3594365;-1.3594365;1418122642866
697;-4.901351;-1.8185003;-1.8185003;1418122642886
698;-4.904421;-1.7318604;-1.7318604;1418122642906
699;-4.4187803;-1.7605075;-1.7605075;1418122642926
700;-2.8116522;-1.4774461;-1.4774461;1418122642946
701;-2.2478676;-1.5123554;-1.5123554;1418122642966
702;-2.4404907;-1.4043226;-1.4043226;1418122642985
703;-3.6251926;-1.7820007;-1.7820007;1418122643010
704;-3.4075918;-2.1492245;-2.1492245;1418122643025
705;-2.1136017;-2.0594568;-2.0594568;1418122643045
706;-1.8330126;-2.2426205;-2.2426205;1418122643065
707;-1.8561487;-2.2860947;-2.2860947;1418122643085
708;-1.5272379;-2.4485416;-2.4485416;1418122643103
709;-1.2989368;-2.416742;-2.416742;1418122643124
710;-1.6371412;-2.9691772;-2.9691772;1418122643144
711;-2.0218077;-3.089926;-3.089926;1418122643162
712;-1.7819376;-3.1124718;-3.1124718;1418122643183
713;-0.67129993;-2.9807706;-2.9807706;1418122643202
714;0.37209606;-2.6221406;-2.6221406;1418122643222
715;0.40067387;-2.3499224;-2.3499224;1418122643242
716;-1.2229128;-3.2602882;-3.2602882;1418122643262
717;-2.008216;-4.080515;-4.080515;1418122643282
718;-1.5170736;-4.6335325;-4.6335325;1418122643303
719;0.9502835;-4.263544;-4.263544;1418122643321
720;3.5975862;-3.5196595;-3.5196595;1418122643341
721;3.8805833;-3.1609406;-3.1609406;1418122643361
722;2.0610452;-3.8564548;-3.8564548;1418122643381
723;1.5111499;-4.2532015;-4.2532015;1418122643400
724;1.2614193;-4.686488;-4.686488;1418122643421
725;1.2067728;-4.8997316;-4.8997316;1418122643439
726;3.7010922;-3.8870754;-3.8870754;1418122643459
727;5.8999467;-2.4547634;-2.4547634;1418122643481
728;7.508711;-2.0331802;-2.0331802;1418122643501
729;7.9632587;-2.0794792;-2.0794792;1418122643523
730;8.562871;-1.803978;-1.803978;1418122643538
731;8.711256;-1.0017605;-1.0017605;1418122643558
732;8.208983;-0.32956982;-0.32956982;1418122643578
733;7.1173086;-0.17303085;-0.17303085;1418122643598
734;5.9383225;0.38667488;0.38667488;1418122643618
735;4.4904757;0.110557556;0.110557556;1418122643638
736;3.4788892;-0.14217377;-0.14217377;1418122643657
737;2.8718858;-0.22423267;-0.22423267;1418122643677
738;2.487391;-0.4197855;-0.4197855;1418122643702
739;3.3471313;0.18658638;0.18658638;1418122643716
740;3.9306595;0.21147156;0.21147156;1418122643736
741;4.4222975;0.42232323;0.42232323;1418122643755
742;4.2645817;-0.06320572;-0.06320572;1418122643775
743;3.6205235;-0.5604048;-0.5604048;1418122643795
744;3.6433396;-0.6911831;-0.6911831;1418122643815
745;4.014907;-0.41164684;-0.41164684;1418122643835
746;4.3708515;-0.3938923;-0.3938923;1418122643854
747;4.502611;-0.5048313;-0.5048313;1418122643874
748;3.6820626;-0.95627594;-0.95627594;1418122643894
749;2.8116996;-1.5629835;-1.5629835;1418122643914
750;3.026204;-1.412899;-1.412899;1418122643934
751;3.034142;-1.678977;-1.678977;1418122643953
752;3.538293;-1.5310192;-1.5310192;1418122643973
753;3.0565202;-2.4735136;-2.4735136;1418122643993
754;1.6366472;-3.1514053;-3.1514053;1418122644013
755;1.667768;-3.189767;-3.189767;1418122644032
756;2.5309644;-2.939865;-2.939865;1418122644053
757;3.3727875;-2.9062834;-2.9062834;1418122644072
758;3.003335;-3.3181362;-3.3181362;1418122644091
759;2.2993188;-4.1935945;-4.1935945;1418122644111
760;1.2590275;-4.71331;-4.71331;1418122644131
761;-0.022109509;-5.062171;-5.062171;1418122644153
762;-0.28847504;-4.6046185;-4.6046185;1418122644173
763;-0.52156734;-4.5413938;-4.5413938;1418122644192
764;-1.2420006;-4.4874296;-4.4874296;1418122644210
765;-1.4115095;-4.324682;-4.324682;1418122644230
766;-1.7113037;-4.13973;-4.13973;1418122644250
767;-0.6959591;-3.329929;-3.329929;1418122644270
768;-2.258604;-3.6549664;-3.6549664;1418122644290
769;-2.4911985;-3.664705;-3.664705;1418122644309
770;-1.3780756;-2.9771698;-2.9771698;1418122644330
771;-1.271924;-2.745947;-2.745947;1418122644349
772;-2.7228346;-3.0082188;-3.0082188;1418122644369
773;-3.1319513;-2.8893087;-2.8893087;1418122644388
774;-3.2964706;-2.6752243;-2.6752243;1418122644409
775;-2.2792864;-2.1358953;-2.1358953;1418122644427
776;-2.7166214;-2.4674294;-2.4674294;1418122644447
777;-2.6724749;-1.9064481;-1.9064481;1418122644468
778;-4.0115414;-2.395665;-2.395665;1418122644487
779;-4.550207;-2.2517264;-2.2517264;1418122644506
780;-4.4724016;-2.0014806;-2.0014806;1418122644525
781;-3.43437;-1.5526752;-1.5526752;1418122644546
782;-4.4967194;-1.8249159;-1.8249159;1418122644566
783;-5.096545;-1.8355174;-1.8355174;1418122644586
784;-4.799246;-1.7184124;-1.7184124;1418122644605
785;-4.514945;-1.5233941;-1.5233941;1418122644625
786;-4.3881063;-1.5342197;-1.5342197;1418122644647
787;-4.286811;-1.3547268;-1.3547268;1418122644665
788;-4.3651648;-1.6154215;-1.6154215;1418122644684
789;-3.64334;-1.6727586;-1.6727586;1418122644705
790;-2.7453356;-1.9022782;-1.9022782;1418122644723
791;-2.0836296;-1.864336;-1.864336;1418122644747
792;-1.8203478;-1.933279;-1.933279;1418122644763
793;-2.421585;-2.3098152;-2.3098152;1418122644783
794;-2.4659548;-2.6789906;-2.6789906;1418122644803
795;-2.7987022;-2.939396;-2.939396;1418122644823
796;-2.8236818;-3.278912;-3.278912;1418122644843
797;-2.044448;-3.3035986;-3.3035986;1418122644862
798;0.68513775;-2.7482772;-2.7482772;1418122644882
799;1.2901516;-2.4249997;-2.4249997;1418122644902
800;-0.0035009384;-2.7152195;-2.7152195;1418122644922
801;-2.137556;-4.0217085;-4.0217085;1418122644941
802;-3.7281828;-4.59725;-4.59725;1418122644963
803;-3.199356;-5.3100047;-5.3100047;1418122644980
804;0.50570774;-4.9179974;-4.9179974;1418122645001
805;2.2064953;-3.7766714;-3.7766714;1418122645020
806;1.7658043;-4.1443853;-4.1443853;1418122645040
807;0.7777233;-4.4894342;-4.4894342;1418122645061
808;-0.21965647;-5.4301243;-5.4301243;1418122645079
809;1.4797988;-4.6807027;-4.6807027;1418122645099
810;3.3036976;-3.5135503;-3.5135503;1418122645119
811;3.1163726;-2.955027;-2.955027;1418122645139
812;2.5849357;-3.0803447;-3.0803447;1418122645158
813;1.9209504;-4.4141665;-4.4141665;1418122645179
814;2.3433123;-4.2401705;-4.2401705;1418122645198
815;3.535538;-2.671399;-2.671399;1418122645218
816;3.0780485;-2.671278;-2.671278;1418122645238
817;3.622169;-2.3503313;-2.3503313;1418122645258
818;3.4016986;-2.5828686;-2.5828686;1418122645283
819;4.3379717;-2.4026804;-2.4026804;1418122645303
820;5.6624937;-2.0174599;-2.0174599;1418122645324
821;6.1319427;-1.4968405;-1.4968405;1418122645336
822;6.750117;-0.37393188;-0.37393188;1418122645356
823;6.8949203;-0.3235283;-0.3235283;1418122645376
824;7.141587;-0.20392132;-0.20392132;1418122645398
825;6.770072;-0.30766487;-0.30766487;1418122645417
826;5.492616;-0.9014034;-0.9014034;1418122645434
827;5.0192146;-0.7297745;-0.7297745;1418122645455
828;4.628177;-0.5157728;-0.5157728;1418122645475
829;4.3972335;-0.47487926;-0.47487926;1418122645494
830;4.888755;-0.6187973;-0.6187973;1418122645514
831;4.5105534;-0.55904675;-0.55904675;1418122645533
832;4.0347657;-1.3549109;-1.3549109;1418122645554
833;4.297023;-1.183403;-1.183403;1418122645573
834;5.260348;-0.70242786;-0.70242786;1418122645593
835;5.643737;-0.913723;-0.913723;1418122645613
836;5.52527;-1.6777372;-1.6777372;1418122645633
837;5.463607;-1.9494791;-1.9494791;1418122645652
838;4.810869;-2.1823273;-2.1823273;1418122645672
839;4.225674;-2.1954489;-2.1954489;1418122645692
840;3.782587;-2.08706;-2.08706;1418122645711
841;3.3879993;-2.2278004;-2.2278004;1418122645731
842;3.0413399;-2.7288857;-2.7288857;1418122645751
843;2.2418585;-3.251855;-3.251855;1418122645771
844;1.5042205;-3.6206112;-3.6206112;1418122645791
845;1.0123892;-3.6907787;-3.6907787;1418122645811
846;1.846385;-3.4307342;-3.4307342;1418122645831
847;2.6251302;-3.0725632;-3.0725632;1418122645849
848;1.4786777;-3.7834244;-3.7834244;1418122645871
849;0.27230644;-4.173274;-4.173274;1418122645889
850;-1.0640926;-4.3799615;-4.3799615;1418122645910
851;0.48258018;-3.537644;-3.537644;1418122645929
852;1.3991194;-3.2226195;-3.2226195;1418122645954
853;-0.057847977;-3.8168273;-3.8168273;1418122645968
854;-0.6812315;-4.3394556;-4.3394556;1418122645989
855;-0.17736816;-3.629501;-3.629501;1418122646008
856;-1.7316418;-4.1191597;-4.1191597;1418122646028
857;-1.9235411;-3.9136796;-3.9136796;1418122646054
858;-1.6128502;-3.55926;-3.55926;1418122646067
859;-2.6302328;-3.3453195;-3.3453195;1418122646086
860;-3.6452541;-3.5084896;-3.5084896;1418122646107
861;-3.2453537;-2.9689312;-2.9689312;1418122646126
862;-3.2856512;-3.1265125;-3.1265125;1418122646146
863;-3.454132;-2.7973475;-2.7973475;1418122646168
864;-4.0886126;-2.6816444;-2.6816444;1418122646185
865;-4.3741627;-2.4473124;-2.4473124;1418122646205
866;-3.8874903;-2.17154;-2.17154;1418122646225
867;-3.5161457;-1.728864;-1.728864;1418122646245
868;-3.9284515;-1.8452692;-1.8452692;1418122646265
869;-3.804165;-1.529223;-1.529223;1418122646287
870;-3.3147926;-1.3019977;-1.3019977;1418122646305
871;-3.5868883;-1.4757135;-1.4757135;1418122646324
872;-3.770527;-1.1912706;-1.1912706;1418122646343
873;-4.782693;-1.6217761;-1.6217761;1418122646364
874;-5.39719;-1.7964988;-1.7964988;1418122646385
875;-4.3942194;-1.7857018;-1.7857018;1418122646403
876;-2.534833;-1.6485264;-1.6485264;1418122646423
877;-1.7679977;-1.5776203;-1.5776203;1418122646443
878;-2.2342205;-1.8180685;-1.8180685;1418122646463
879;-3.009285;-2.1396496;-2.1396496;1418122646484
880;-3.6051521;-2.5296042;-2.5296042;1418122646504
881;-2.0799255;-2.4412603;-2.4412603;1418122646537
882;-0.6069145;-2.3170557;-2.3170557;1418122646541
883;0.079901695;-2.299179;-2.299179;1418122646562
884;-1.093607;-2.6067295;-2.6067295;1418122646581
885;-2.33984;-3.0126207;-3.0126207;1418122646602
886;-3.050068;-3.5905962;-3.5905962;1418122646620
887;-1.2078466;-3.4626842;-3.4626842;1418122646639
888;-0.0829134;-3.4444413;-3.4444413;1418122646660
889;-1.7008867;-4.3232007;-4.3232007;1418122646680
890;-2.4753656;-4.4353724;-4.4353724;1418122646700
891;-1.3212147;-4.7949343;-4.7949343;1418122646719
892;1.6157751;-4.11856;-4.11856;1418122646739
893;3.1340246;-3.3620515;-3.3620515;1418122646759
894;2.0601292;-3.1705074;-3.1705074;1418122646779
895;0.92075443;-3.6726222;-3.6726222;1418122646798
896;0.9534106;-3.734634;-3.734634;1418122646818
897;1.5626826;-4.300473;-4.300473;1418122646838
898;4.2664256;-2.8026762;-2.8026762;1418122646858
899;5.131622;-2.529808;-2.529808;1418122646877
900;4.9672785;-2.2170582;-2.2170582;1418122646899
901;3.9405994;-2.9203577;-2.9203577;1418122646916
902;4.1445107;-2.2898617;-2.2898617;1418122646938
903;5.0553093;-1.9394093;-1.9394093;1418122646956
904;7.212531;-0.6670456;-0.6670456;1418122646976
905;7.2143493;-0.86038876;-0.86038876;1418122646996
906;6.3272743;-0.7512741;-0.7512741;1418122647016
907;5.914813;-0.07516861;-0.07516861;1418122647035
908;5.0040145;-0.31268597;-0.31268597;1418122647055
909;4.401715;-0.18724155;-0.18724155;1418122647074
910;3.485238;-0.080703735;-0.080703735;1418122647095
911;3.077207;-0.14098167;-0.14098167;1418122647114
912;2.6251721;-0.35184193;-0.35184193;1418122647134
913;2.4602008;-0.29835987;-0.29835987;1418122647155
914;2.1786215;-0.38222885;-0.38222885;1418122647176
915;2.5682669;-0.24191952;-0.24191952;1418122647193
916;2.3921504;-0.41560555;-0.41560555;1418122647213
917;1.9127564;-0.48622894;-0.48622894;1418122647233
918;1.5091144;-0.53326607;-0.53326607;1418122647253
919;0.9148259;-0.6810837;-0.6810837;1418122647275
920;0.48656762;-0.6249819;-0.6249819;1418122647291
921;0.23323107;-0.36533356;-0.36533356;1418122647312
922;-0.043799043;-0.16794968;-0.16794968;1418122647332
923;-0.3637401;-0.26742744;-0.26742744;1418122647351
924;-0.6509577;-0.26547623;-0.26547623;1418122647371
925;-0.567299;0.03938389;0.03938389;1418122647391
926;-0.32116807;0.24690151;0.24690151;1418122647411
927;-0.27270257;0.23426151;0.23426151;1418122647430
928;-0.65881443;0.113069534;0.113069534;1418122647451
929;-0.61649144;0.17873383;0.17873383;1418122647470
930;-0.54629815;0.17812061;0.17812061;1418122647495
931;-0.34515107;0.37422562;0.37422562;1418122647512
932;-0.5718504;0.2066927;0.2066927;1418122647529
933;-0.5489353;0.29611874;0.29611874;1418122647548
934;-0.69791985;0.33174038;0.33174038;1418122647570
935;-0.49042547;0.2618475;0.2618475;1418122647595
936;-0.44790447;0.33564854;0.33564854;1418122647608
937;-0.5142604;0.31044865;0.31044865;1418122647628
938;-0.2950164;0.35492897;0.35492897;1418122647647
939;-0.098282576;0.30747128;0.30747128;1418122647668
940;-0.17666042;0.27384472;0.27384472;1418122647688
941;-0.02148962;0.1693697;0.1693697;1418122647708
942;0.3038937;0.19791126;0.19791126;1418122647726
943;0.4944489;0.14945126;0.14945126;1418122647746
944;0.42047858;-0.016254425;-0.016254425;1418122647766
945;0.25397408;-0.21760654;-0.21760654;1418122647786
946;0.2269417;-0.16470909;-0.16470909;1418122647805
947;0.29697406;-0.10517502;-0.10517502;1418122647825
948;0.20566142;-0.034791946;-0.034791946;1418122647844
949;0.14543498;-0.02457428;-0.02457428;1418122647865
950;0.1952287;-0.017134666;-0.017134666;1418122647884
951;0.028197408;0.0061159134;0.0061159134;1418122647904
952;-0.2683953;-0.11810398;-0.11810398;1418122647923
953;-0.15142095;0.028004646;0.028004646;1418122647943
954;-0.038121104;-0.02998066;-0.02998066;1418122647963
955;0.37220907;0.05510235;0.05510235;1418122647983
956;0.5747607;0.20837021;0.20837021;1418122648003
957;0.6253238;0.23766041;0.23766041;1418122648022
958;0.35028768;0.10542965;0.10542965;1418122648041
959;0.19679892;-0.06299114;-0.06299114;1418122648062
960;0.13537788;-0.04413891;-0.04413891;1418122648082
961;0.019286036;0.07775593;0.07775593;1418122648102
962;-0.27834117;-0.10756779;-0.10756779;1418122648121
963;-0.32369494;-0.016019821;-0.016019821;1418122648141
964;0.07497704;0.10435963;0.10435963;1418122648160
965;0.55028427;0.27232742;0.27232742;1418122648180
966;0.33784556;0.10249138;0.10249138;1418122648200
967;0.0076686144;-0.074165344;-0.074165344;1418122648220
968;-0.117937565;-0.14773273;-0.14773273;1418122648240
969;-0.0094304085;-0.028809547;-0.028809547;1418122648259
970;0.29134226;0.2757902;0.2757902;1418122648279
971;0.5407361;0.42018223;0.42018223;1418122648299
972;0.36074924;0.06314087;0.06314087;1418122648319
973;0.07528806;-0.11750221;-0.11750221;1418122648339
974;-0.07770622;-0.17229366;-0.17229366;1418122648358
975;-0.01401937;-0.005783081;-0.005783081;1418122648382
976;-0.08119774;0.08018589;0.08018589;1418122648398
977;0.12458563;0.25806522;0.25806522;1418122648418
978;0.48236632;0.25702095;0.25702095;1418122648438
979;0.17295098;0.045269966;0.045269966;1418122648457
980;-0.19787145;-0.14898872;-0.14898872;1418122648477
981;-0.3978728;-0.2921524;-0.2921524;1418122648496
982;-0.28813124;-0.23958778;-0.23958778;1418122648517
